Lista de Pontos
 0.000000, 0.284291, 0.000000,
 0.015385, 0.312427, 0.000000,
 0.030769, 0.311254, 0.000000,
 0.046154, 0.318875, 0.000000,
 0.061538, 0.405627, 0.000000,
 0.076923, 0.414420, 0.000000,
 0.092308, 0.367526, 0.000000,
 0.107692, 0.367526, 0.000000,
 0.123077, 0.368699, 0.000000,
 0.138462, 0.422626, 0.000000,
 0.153846, 0.501172, 0.000000,
 0.169231, 0.522860, 0.000000,
 0.184615, 0.461899, 0.000000,
 0.200000, 0.457210, 0.000000,
 0.215385, 0.492966, 0.000000,
 0.230769, 0.466002, 0.000000,
 0.246154, 0.454279, 0.000000,
 0.261538, 0.485932, 0.000000,
 0.276923, 0.529308, 0.000000,
 0.292308, 0.491208, 0.000000,
 0.307692, 0.439039, 0.000000,
 0.323077, 0.431419, 0.000000,
 0.338462, 0.431419, 0.000000,
 0.353846, 0.439039, 0.000000,
 0.369231, 0.449004, 0.000000,
 0.384615, 0.449004, 0.000000,
 0.400000, 0.484760, 0.000000,
 0.415385, 0.487691, 0.000000,
 0.430769, 0.454279, 0.000000,
 0.446154, 0.538687, 0.000000,
 0.461538, 0.386870, 0.000000,
 0.476923, 0.120164, 0.000000,
 0.492308, 0.082649, 0.000000,
 0.507692, 0.039273, 0.000000,
 0.523077, 0.000000, 0.000000,
 0.538462, 0.000000, 0.000000,
 0.553846, 0.000000, 0.000000,
 0.569231, 0.000000, 0.000000,
 0.584615, 0.000000, 0.000000,
 0.600000, 0.000000, 0.000000,
 0.615385, 0.000000, 0.000000,
 0.630769, 0.000000, 0.000000,
 0.646154, 0.000000, 0.000000,
 0.661538, 0.000000, 0.000000,
 0.676923, 0.000000, 0.000000,
 0.692308, 0.000000, 0.000000,
 0.707692, 0.000000, 0.000000,
 0.723077, 0.000000, 0.000000,
 0.738462, 0.000000, 0.000000,
 0.753846, 0.000000, 0.000000,
 0.769231, 0.000000, 0.000000,
 0.784615, 0.000000, 0.000000,
 0.800000, 0.000000, 0.000000,
 0.815385, 0.000000, 0.000000,
 0.830769, 0.000000, 0.000000,
 0.846154, 0.000000, 0.000000,
 0.861538, 0.000000, 0.000000,
 0.876923, 0.000000, 0.000000,
 0.892308, 0.000000, 0.000000,
 0.907692, 0.000000, 0.000000,
 0.923077, 0.000000, 0.000000,
 0.938462, 0.000000, 0.000000,
 0.953846, 0.000000, 0.000000,
 0.969231, 0.000000, 0.000000,
 0.984615, 0.000000, 0.000000,
 1.000000, 0.000000, 0.000000,
 0.000000, 0.269050, 0.021277,
 0.015385, 0.252638, 0.021277,
 0.030769, 0.247362, 0.021277,
 0.046154, 0.300117, 0.021277,
 0.061538, 0.366354, 0.021277,
 0.076923, 0.376319, 0.021277,
 0.092308, 0.321805, 0.021277,
 0.107692, 0.321805, 0.021277,
 0.123077, 0.380422, 0.021277,
 0.138462, 0.430246, 0.021277,
 0.153846, 0.449004, 0.021277,
 0.169231, 0.444314, 0.021277,
 0.184615, 0.453107, 0.021277,
 0.200000, 0.526964, 0.021277,
 0.215385, 0.614889, 0.021277,
 0.230769, 0.598476, 0.021277,
 0.246154, 0.524619, 0.021277,
 0.261538, 0.477140, 0.021277,
 0.276923, 0.508206, 0.021277,
 0.292308, 0.497655, 0.021277,
 0.307692, 0.446659, 0.021277,
 0.323077, 0.450762, 0.021277,
 0.338462, 0.450762, 0.021277,
 0.353846, 0.446659, 0.021277,
 0.369231, 0.468347, 0.021277,
 0.384615, 0.474795, 0.021277,
 0.400000, 0.457210, 0.021277,
 0.415385, 0.478898, 0.021277,
 0.430769, 0.516999, 0.021277,
 0.446154, 0.562720, 0.021277,
 0.461538, 0.552755, 0.021277,
 0.476923, 0.298359, 0.021277,
 0.492308, 0.055100, 0.021277,
 0.507692, 0.011723, 0.021277,
 0.523077, 0.000000, 0.021277,
 0.538462, 0.000000, 0.021277,
 0.553846, 0.000000, 0.021277,
 0.569231, 0.000000, 0.021277,
 0.584615, 0.000000, 0.021277,
 0.600000, 0.000000, 0.021277,
 0.615385, 0.000000, 0.021277,
 0.630769, 0.000000, 0.021277,
 0.646154, 0.000000, 0.021277,
 0.661538, 0.000000, 0.021277,
 0.676923, 0.000000, 0.021277,
 0.692308, 0.000000, 0.021277,
 0.707692, 0.000000, 0.021277,
 0.723077, 0.000000, 0.021277,
 0.738462, 0.000000, 0.021277,
 0.753846, 0.000000, 0.021277,
 0.769231, 0.000000, 0.021277,
 0.784615, 0.000000, 0.021277,
 0.800000, 0.000000, 0.021277,
 0.815385, 0.000000, 0.021277,
 0.830769, 0.000000, 0.021277,
 0.846154, 0.000000, 0.021277,
 0.861538, 0.000000, 0.021277,
 0.876923, 0.000000, 0.021277,
 0.892308, 0.000000, 0.021277,
 0.907692, 0.000000, 0.021277,
 0.923077, 0.000000, 0.021277,
 0.938462, 0.000000, 0.021277,
 0.953846, 0.000000, 0.021277,
 0.969231, 0.000000, 0.021277,
 0.984615, 0.000000, 0.021277,
 1.000000, 0.000000, 0.021277,
 0.000000, 0.214537, 0.042553,
 0.015385, 0.209261, 0.042553,
 0.030769, 0.225674, 0.042553,
 0.046154, 0.267878, 0.042553,
 0.061538, 0.304807, 0.042553,
 0.076923, 0.322978, 0.042553,
 0.092308, 0.315358, 0.042553,
 0.107692, 0.318875, 0.042553,
 0.123077, 0.354631, 0.042553,
 0.138462, 0.386870, 0.042553,
 0.153846, 0.410903, 0.042553,
 0.169231, 0.429074, 0.042553,
 0.184615, 0.502931, 0.042553,
 0.200000, 0.592028, 0.042553,
 0.215385, 0.658265, 0.042553,
 0.230769, 0.694021, 0.042553,
 0.246154, 0.663540, 0.042553,
 0.261538, 0.610199, 0.042553,
 0.276923, 0.603751, 0.042553,
 0.292308, 0.529894, 0.042553,
 0.307692, 0.453107, 0.042553,
 0.323077, 0.485932, 0.042553,
 0.338462, 0.485932, 0.042553,
 0.353846, 0.459555, 0.042553,
 0.369231, 0.494138, 0.042553,
 0.384615, 0.529894, 0.042553,
 0.400000, 0.515826, 0.042553,
 0.415385, 0.555100, 0.042553,
 0.430769, 0.602579, 0.042553,
 0.446154, 0.602579, 0.042553,
 0.461538, 0.496483, 0.042553,
 0.476923, 0.300117, 0.042553,
 0.492308, 0.135404, 0.042553,
 0.507692, 0.026964, 0.042553,
 0.523077, 0.000000, 0.042553,
 0.538462, 0.000000, 0.042553,
 0.553846, 0.000000, 0.042553,
 0.569231, 0.000000, 0.042553,
 0.584615, 0.000000, 0.042553,
 0.600000, 0.000000, 0.042553,
 0.615385, 0.000000, 0.042553,
 0.630769, 0.000000, 0.042553,
 0.646154, 0.000000, 0.042553,
 0.661538, 0.000000, 0.042553,
 0.676923, 0.000000, 0.042553,
 0.692308, 0.000000, 0.042553,
 0.707692, 0.000000, 0.042553,
 0.723077, 0.000000, 0.042553,
 0.738462, 0.000000, 0.042553,
 0.753846, 0.000000, 0.042553,
 0.769231, 0.000000, 0.042553,
 0.784615, 0.000000, 0.042553,
 0.800000, 0.000000, 0.042553,
 0.815385, 0.000000, 0.042553,
 0.830769, 0.000000, 0.042553,
 0.846154, 0.000000, 0.042553,
 0.861538, 0.000000, 0.042553,
 0.876923, 0.000000, 0.042553,
 0.892308, 0.000000, 0.042553,
 0.907692, 0.000000, 0.042553,
 0.923077, 0.000000, 0.042553,
 0.938462, 0.000000, 0.042553,
 0.953846, 0.000000, 0.042553,
 0.969231, 0.000000, 0.042553,
 0.984615, 0.000000, 0.042553,
 1.000000, 0.000000, 0.042553,
 0.000000, 0.161782, 0.063830,
 0.015385, 0.183470, 0.063830,
 0.030769, 0.192849, 0.063830,
 0.046154, 0.218054, 0.063830,
 0.061538, 0.260258, 0.063830,
 0.076923, 0.276671, 0.063830,
 0.092308, 0.283118, 0.063830,
 0.107692, 0.311254, 0.063830,
 0.123077, 0.344666, 0.063830,
 0.138462, 0.404455, 0.063830,
 0.153846, 0.410903, 0.063830,
 0.169231, 0.423798, 0.063830,
 0.184615, 0.563892, 0.063830,
 0.200000, 0.653576, 0.063830,
 0.215385, 0.631887, 0.063830,
 0.230769, 0.618992, 0.063830,
 0.246154, 0.618992, 0.063830,
 0.261538, 0.618992, 0.063830,
 0.276923, 0.574443, 0.063830,
 0.292308, 0.491208, 0.063830,
 0.307692, 0.495311, 0.063830,
 0.323077, 0.556272, 0.063830,
 0.338462, 0.552755, 0.063830,
 0.353846, 0.523447, 0.063830,
 0.369231, 0.504103, 0.063830,
 0.384615, 0.501758, 0.063830,
 0.400000, 0.507620, 0.063830,
 0.415385, 0.512896, 0.063830,
 0.430769, 0.524619, 0.063830,
 0.446154, 0.518171, 0.063830,
 0.461538, 0.500586, 0.063830,
 0.476923, 0.439625, 0.063830,
 0.492308, 0.232122, 0.063830,
 0.507692, 0.039273, 0.063830,
 0.523077, 0.003517, 0.063830,
 0.538462, 0.000000, 0.063830,
 0.553846, 0.000000, 0.063830,
 0.569231, 0.000000, 0.063830,
 0.584615, 0.000000, 0.063830,
 0.600000, 0.000000, 0.063830,
 0.615385, 0.000000, 0.063830,
 0.630769, 0.000000, 0.063830,
 0.646154, 0.000000, 0.063830,
 0.661538, 0.000000, 0.063830,
 0.676923, 0.000000, 0.063830,
 0.692308, 0.000000, 0.063830,
 0.707692, 0.000000, 0.063830,
 0.723077, 0.000000, 0.063830,
 0.738462, 0.000000, 0.063830,
 0.753846, 0.000000, 0.063830,
 0.769231, 0.000000, 0.063830,
 0.784615, 0.000000, 0.063830,
 0.800000, 0.000000, 0.063830,
 0.815385, 0.000000, 0.063830,
 0.830769, 0.000000, 0.063830,
 0.846154, 0.000000, 0.063830,
 0.861538, 0.000000, 0.063830,
 0.876923, 0.000000, 0.063830,
 0.892308, 0.000000, 0.063830,
 0.907692, 0.000000, 0.063830,
 0.923077, 0.000000, 0.063830,
 0.938462, 0.000000, 0.063830,
 0.953846, 0.000000, 0.063830,
 0.969231, 0.000000, 0.063830,
 0.984615, 0.000000, 0.063830,
 1.000000, 0.000000, 0.063830,
 0.000000, 0.182298, 0.085106,
 0.015385, 0.223329, 0.085106,
 0.030769, 0.233294, 0.085106,
 0.046154, 0.251465, 0.085106,
 0.061538, 0.276671, 0.085106,
 0.076923, 0.291911, 0.085106,
 0.092308, 0.330598, 0.085106,
 0.107692, 0.363423, 0.085106,
 0.123077, 0.386284, 0.085106,
 0.138462, 0.424971, 0.085106,
 0.153846, 0.416178, 0.085106,
 0.169231, 0.400352, 0.085106,
 0.184615, 0.514068, 0.085106,
 0.200000, 0.594959, 0.085106,
 0.215385, 0.556272, 0.085106,
 0.230769, 0.577960, 0.085106,
 0.246154, 0.572098, 0.085106,
 0.261538, 0.561547, 0.085106,
 0.276923, 0.522274, 0.085106,
 0.292308, 0.484760, 0.085106,
 0.307692, 0.509379, 0.085106,
 0.323077, 0.508206, 0.085106,
 0.338462, 0.484760, 0.085106,
 0.353846, 0.446659, 0.085106,
 0.369231, 0.479484, 0.085106,
 0.384615, 0.561547, 0.085106,
 0.400000, 0.543962, 0.085106,
 0.415385, 0.529894, 0.085106,
 0.430769, 0.565064, 0.085106,
 0.446154, 0.526964, 0.085106,
 0.461538, 0.366940, 0.085106,
 0.476923, 0.176436, 0.085106,
 0.492308, 0.151231, 0.085106,
 0.507692, 0.118406, 0.085106,
 0.523077, 0.035756, 0.085106,
 0.538462, 0.007620, 0.085106,
 0.553846, 0.001172, 0.085106,
 0.569231, 0.000000, 0.085106,
 0.584615, 0.000000, 0.085106,
 0.600000, 0.000000, 0.085106,
 0.615385, 0.000000, 0.085106,
 0.630769, 0.000000, 0.085106,
 0.646154, 0.000000, 0.085106,
 0.661538, 0.000000, 0.085106,
 0.676923, 0.000000, 0.085106,
 0.692308, 0.000000, 0.085106,
 0.707692, 0.000000, 0.085106,
 0.723077, 0.000000, 0.085106,
 0.738462, 0.000000, 0.085106,
 0.753846, 0.000000, 0.085106,
 0.769231, 0.000000, 0.085106,
 0.784615, 0.000000, 0.085106,
 0.800000, 0.000000, 0.085106,
 0.815385, 0.000000, 0.085106,
 0.830769, 0.000000, 0.085106,
 0.846154, 0.000000, 0.085106,
 0.861538, 0.000000, 0.085106,
 0.876923, 0.000000, 0.085106,
 0.892308, 0.000000, 0.085106,
 0.907692, 0.000000, 0.085106,
 0.923077, 0.000000, 0.085106,
 0.938462, 0.000000, 0.085106,
 0.953846, 0.000000, 0.085106,
 0.969231, 0.000000, 0.085106,
 0.984615, 0.000000, 0.085106,
 1.000000, 0.000000, 0.085106,
 0.000000, 0.261430, 0.106383,
 0.015385, 0.285463, 0.106383,
 0.030769, 0.305979, 0.106383,
 0.046154, 0.321219, 0.106383,
 0.061538, 0.341735, 0.106383,
 0.076923, 0.393904, 0.106383,
 0.092308, 0.392732, 0.106383,
 0.107692, 0.407972, 0.106383,
 0.123077, 0.447831, 0.106383,
 0.138462, 0.440797, 0.106383,
 0.153846, 0.433177, 0.106383,
 0.169231, 0.440211, 0.106383,
 0.184615, 0.481243, 0.106383,
 0.200000, 0.508206, 0.106383,
 0.215385, 0.511723, 0.106383,
 0.230769, 0.546307, 0.106383,
 0.246154, 0.508206, 0.106383,
 0.261538, 0.453107, 0.106383,
 0.276923, 0.441383, 0.106383,
 0.292308, 0.443142, 0.106383,
 0.307692, 0.454279, 0.106383,
 0.323077, 0.445487, 0.106383,
 0.338462, 0.446659, 0.106383,
 0.353846, 0.454279, 0.106383,
 0.369231, 0.520516, 0.106383,
 0.384615, 0.538687, 0.106383,
 0.400000, 0.471278, 0.106383,
 0.415385, 0.485346, 0.106383,
 0.430769, 0.567995, 0.106383,
 0.446154, 0.580891, 0.106383,
 0.461538, 0.542204, 0.106383,
 0.476923, 0.497655, 0.106383,
 0.492308, 0.337632, 0.106383,
 0.507692, 0.177608, 0.106383,
 0.523077, 0.126612, 0.106383,
 0.538462, 0.068581, 0.106383,
 0.553846, 0.015240, 0.106383,
 0.569231, 0.003517, 0.106383,
 0.584615, 0.031067, 0.106383,
 0.600000, 0.031067, 0.106383,
 0.615385, 0.000000, 0.106383,
 0.630769, 0.000000, 0.106383,
 0.646154, 0.000000, 0.106383,
 0.661538, 0.000000, 0.106383,
 0.676923, 0.000000, 0.106383,
 0.692308, 0.000000, 0.106383,
 0.707692, 0.000000, 0.106383,
 0.723077, 0.000000, 0.106383,
 0.738462, 0.000000, 0.106383,
 0.753846, 0.000000, 0.106383,
 0.769231, 0.000000, 0.106383,
 0.784615, 0.000000, 0.106383,
 0.800000, 0.000000, 0.106383,
 0.815385, 0.000000, 0.106383,
 0.830769, 0.000000, 0.106383,
 0.846154, 0.000000, 0.106383,
 0.861538, 0.000000, 0.106383,
 0.876923, 0.000000, 0.106383,
 0.892308, 0.000000, 0.106383,
 0.907692, 0.000000, 0.106383,
 0.923077, 0.000000, 0.106383,
 0.938462, 0.000000, 0.106383,
 0.953846, 0.000000, 0.106383,
 0.969231, 0.000000, 0.106383,
 0.984615, 0.000000, 0.106383,
 1.000000, 0.000000, 0.106383,
 0.000000, 0.275498, 0.127660,
 0.015385, 0.337046, 0.127660,
 0.030769, 0.372802, 0.127660,
 0.046154, 0.376319, 0.127660,
 0.061538, 0.410903, 0.127660,
 0.076923, 0.445487, 0.127660,
 0.092308, 0.430246, 0.127660,
 0.107692, 0.426729, 0.127660,
 0.123077, 0.390973, 0.127660,
 0.138462, 0.354631, 0.127660,
 0.153846, 0.368113, 0.127660,
 0.169231, 0.414420, 0.127660,
 0.184615, 0.429660, 0.127660,
 0.200000, 0.456624, 0.127660,
 0.215385, 0.472450, 0.127660,
 0.230769, 0.439039, 0.127660,
 0.246154, 0.437866, 0.127660,
 0.261538, 0.476553, 0.127660,
 0.276923, 0.453107, 0.127660,
 0.292308, 0.420868, 0.127660,
 0.307692, 0.446659, 0.127660,
 0.323077, 0.437866, 0.127660,
 0.338462, 0.447831, 0.127660,
 0.353846, 0.505275, 0.127660,
 0.369231, 0.544549, 0.127660,
 0.384615, 0.464244, 0.127660,
 0.400000, 0.405627, 0.127660,
 0.415385, 0.425557, 0.127660,
 0.430769, 0.466589, 0.127660,
 0.446154, 0.562134, 0.127660,
 0.461538, 0.574443, 0.127660,
 0.476923, 0.535756, 0.127660,
 0.492308, 0.478898, 0.127660,
 0.507692, 0.422040, 0.127660,
 0.523077, 0.344666, 0.127660,
 0.538462, 0.169402, 0.127660,
 0.553846, 0.059789, 0.127660,
 0.569231, 0.024033, 0.127660,
 0.584615, 0.192263, 0.127660,
 0.600000, 0.192263, 0.127660,
 0.615385, 0.000000, 0.127660,
 0.630769, 0.000000, 0.127660,
 0.646154, 0.000000, 0.127660,
 0.661538, 0.000000, 0.127660,
 0.676923, 0.000000, 0.127660,
 0.692308, 0.000000, 0.127660,
 0.707692, 0.000000, 0.127660,
 0.723077, 0.000000, 0.127660,
 0.738462, 0.000000, 0.127660,
 0.753846, 0.000000, 0.127660,
 0.769231, 0.000000, 0.127660,
 0.784615, 0.000000, 0.127660,
 0.800000, 0.000000, 0.127660,
 0.815385, 0.000000, 0.127660,
 0.830769, 0.000000, 0.127660,
 0.846154, 0.000000, 0.127660,
 0.861538, 0.000000, 0.127660,
 0.876923, 0.000000, 0.127660,
 0.892308, 0.000000, 0.127660,
 0.907692, 0.000000, 0.127660,
 0.923077, 0.000000, 0.127660,
 0.938462, 0.000000, 0.127660,
 0.953846, 0.000000, 0.127660,
 0.969231, 0.000000, 0.127660,
 0.984615, 0.000000, 0.127660,
 1.000000, 0.000000, 0.127660,
 0.000000, 0.265533, 0.148936,
 0.015385, 0.315358, 0.148936,
 0.030769, 0.352286, 0.148936,
 0.046154, 0.379250, 0.148936,
 0.061538, 0.398593, 0.148936,
 0.076923, 0.364596, 0.148936,
 0.092308, 0.314771, 0.148936,
 0.107692, 0.298945, 0.148936,
 0.123077, 0.320633, 0.148936,
 0.138462, 0.386870, 0.148936,
 0.153846, 0.478898, 0.148936,
 0.169231, 0.485346, 0.148936,
 0.184615, 0.487691, 0.148936,
 0.200000, 0.510551, 0.148936,
 0.215385, 0.454865, 0.148936,
 0.230769, 0.386870, 0.148936,
 0.246154, 0.380422, 0.148936,
 0.261538, 0.380422, 0.148936,
 0.276923, 0.386870, 0.148936,
 0.292308, 0.431419, 0.148936,
 0.307692, 0.446659, 0.148936,
 0.323077, 0.437866, 0.148936,
 0.338462, 0.463072, 0.148936,
 0.353846, 0.545721, 0.148936,
 0.369231, 0.600821, 0.148936,
 0.384615, 0.577960, 0.148936,
 0.400000, 0.449590, 0.148936,
 0.415385, 0.309496, 0.148936,
 0.430769, 0.300117, 0.148936,
 0.446154, 0.415592, 0.148936,
 0.461538, 0.498828, 0.148936,
 0.476923, 0.492966, 0.148936,
 0.492308, 0.371043, 0.148936,
 0.507692, 0.259086, 0.148936,
 0.523077, 0.259086, 0.148936,
 0.538462, 0.209848, 0.148936,
 0.553846, 0.095545, 0.148936,
 0.569231, 0.015240, 0.148936,
 0.584615, 0.001172, 0.148936,
 0.600000, 0.000000, 0.148936,
 0.615385, 0.000000, 0.148936,
 0.630769, 0.000000, 0.148936,
 0.646154, 0.000000, 0.148936,
 0.661538, 0.000000, 0.148936,
 0.676923, 0.000000, 0.148936,
 0.692308, 0.000000, 0.148936,
 0.707692, 0.000000, 0.148936,
 0.723077, 0.000000, 0.148936,
 0.738462, 0.000000, 0.148936,
 0.753846, 0.000000, 0.148936,
 0.769231, 0.000000, 0.148936,
 0.784615, 0.000000, 0.148936,
 0.800000, 0.000000, 0.148936,
 0.815385, 0.000000, 0.148936,
 0.830769, 0.000000, 0.148936,
 0.846154, 0.000000, 0.148936,
 0.861538, 0.000000, 0.148936,
 0.876923, 0.000000, 0.148936,
 0.892308, 0.000000, 0.148936,
 0.907692, 0.000000, 0.148936,
 0.923077, 0.000000, 0.148936,
 0.938462, 0.000000, 0.148936,
 0.953846, 0.000000, 0.148936,
 0.969231, 0.000000, 0.148936,
 0.984615, 0.000000, 0.148936,
 1.000000, 0.000000, 0.148936,
 0.000000, 0.245018, 0.170213,
 0.015385, 0.274326, 0.170213,
 0.030769, 0.315358, 0.170213,
 0.046154, 0.339977, 0.170213,
 0.061538, 0.315358, 0.170213,
 0.076923, 0.240914, 0.170213,
 0.092308, 0.219226, 0.170213,
 0.107692, 0.270223, 0.170213,
 0.123077, 0.312427, 0.170213,
 0.138462, 0.348183, 0.170213,
 0.153846, 0.395662, 0.170213,
 0.169231, 0.433177, 0.170213,
 0.184615, 0.444900, 0.170213,
 0.200000, 0.449590, 0.170213,
 0.215385, 0.389215, 0.170213,
 0.230769, 0.344666, 0.170213,
 0.246154, 0.354631, 0.170213,
 0.261538, 0.363423, 0.170213,
 0.276923, 0.407972, 0.170213,
 0.292308, 0.445487, 0.170213,
 0.307692, 0.445487, 0.170213,
 0.323077, 0.437866, 0.170213,
 0.338462, 0.505275, 0.170213,
 0.353846, 0.603751, 0.170213,
 0.369231, 0.617819, 0.170213,
 0.384615, 0.611372, 0.170213,
 0.400000, 0.586753, 0.170213,
 0.415385, 0.432591, 0.170213,
 0.430769, 0.244431, 0.170213,
 0.446154, 0.219812, 0.170213,
 0.461538, 0.262016, 0.170213,
 0.476923, 0.235639, 0.170213,
 0.492308, 0.186987, 0.170213,
 0.507692, 0.195780, 0.170213,
 0.523077, 0.193435, 0.170213,
 0.538462, 0.118992, 0.170213,
 0.553846, 0.077960, 0.170213,
 0.569231, 0.050996, 0.170213,
 0.584615, 0.009965, 0.170213,
 0.600000, 0.002345, 0.170213,
 0.615385, 0.005862, 0.170213,
 0.630769, 0.004689, 0.170213,
 0.646154, 0.000000, 0.170213,
 0.661538, 0.000000, 0.170213,
 0.676923, 0.000000, 0.170213,
 0.692308, 0.000000, 0.170213,
 0.707692, 0.000000, 0.170213,
 0.723077, 0.000000, 0.170213,
 0.738462, 0.000000, 0.170213,
 0.753846, 0.000000, 0.170213,
 0.769231, 0.000000, 0.170213,
 0.784615, 0.000000, 0.170213,
 0.800000, 0.000000, 0.170213,
 0.815385, 0.000000, 0.170213,
 0.830769, 0.000000, 0.170213,
 0.846154, 0.000000, 0.170213,
 0.861538, 0.000000, 0.170213,
 0.876923, 0.000000, 0.170213,
 0.892308, 0.000000, 0.170213,
 0.907692, 0.000000, 0.170213,
 0.923077, 0.000000, 0.170213,
 0.938462, 0.000000, 0.170213,
 0.953846, 0.000000, 0.170213,
 0.969231, 0.000000, 0.170213,
 0.984615, 0.000000, 0.170213,
 1.000000, 0.000000, 0.170213,
 0.000000, 0.211020, 0.191489,
 0.015385, 0.253224, 0.191489,
 0.030769, 0.269637, 0.191489,
 0.046154, 0.277257, 0.191489,
 0.061538, 0.268464, 0.191489,
 0.076923, 0.233880, 0.191489,
 0.092308, 0.246190, 0.191489,
 0.107692, 0.284877, 0.191489,
 0.123077, 0.312427, 0.191489,
 0.138462, 0.348183, 0.191489,
 0.153846, 0.352286, 0.191489,
 0.169231, 0.337632, 0.191489,
 0.184615, 0.313013, 0.191489,
 0.200000, 0.351114, 0.191489,
 0.215385, 0.359906, 0.191489,
 0.230769, 0.318875, 0.191489,
 0.246154, 0.339390, 0.191489,
 0.261538, 0.394490, 0.191489,
 0.276923, 0.439625, 0.191489,
 0.292308, 0.436694, 0.191489,
 0.307692, 0.434349, 0.191489,
 0.323077, 0.435522, 0.191489,
 0.338462, 0.476553, 0.191489,
 0.353846, 0.568581, 0.191489,
 0.369231, 0.618992, 0.191489,
 0.384615, 0.580891, 0.191489,
 0.400000, 0.618992, 0.191489,
 0.415385, 0.623095, 0.191489,
 0.430769, 0.400938, 0.191489,
 0.446154, 0.230363, 0.191489,
 0.461538, 0.253810, 0.191489,
 0.476923, 0.342907, 0.191489,
 0.492308, 0.263189, 0.191489,
 0.507692, 0.152403, 0.191489,
 0.523077, 0.136577, 0.191489,
 0.538462, 0.093787, 0.191489,
 0.553846, 0.063892, 0.191489,
 0.569231, 0.038101, 0.191489,
 0.584615, 0.022860, 0.191489,
 0.600000, 0.024033, 0.191489,
 0.615385, 0.049824, 0.191489,
 0.630769, 0.040445, 0.191489,
 0.646154, 0.003517, 0.191489,
 0.661538, 0.000000, 0.191489,
 0.676923, 0.000000, 0.191489,
 0.692308, 0.000000, 0.191489,
 0.707692, 0.000000, 0.191489,
 0.723077, 0.000000, 0.191489,
 0.738462, 0.000000, 0.191489,
 0.753846, 0.000000, 0.191489,
 0.769231, 0.000000, 0.191489,
 0.784615, 0.000000, 0.191489,
 0.800000, 0.000000, 0.191489,
 0.815385, 0.000000, 0.191489,
 0.830769, 0.000000, 0.191489,
 0.846154, 0.000000, 0.191489,
 0.861538, 0.000000, 0.191489,
 0.876923, 0.000000, 0.191489,
 0.892308, 0.000000, 0.191489,
 0.907692, 0.000000, 0.191489,
 0.923077, 0.000000, 0.191489,
 0.938462, 0.000000, 0.191489,
 0.953846, 0.000000, 0.191489,
 0.969231, 0.000000, 0.191489,
 0.984615, 0.000000, 0.191489,
 1.000000, 0.000000, 0.191489,
 0.000000, 0.186401, 0.212766,
 0.015385, 0.211020, 0.212766,
 0.030769, 0.220985, 0.212766,
 0.046154, 0.222157, 0.212766,
 0.061538, 0.213365, 0.212766,
 0.076923, 0.193435, 0.212766,
 0.092308, 0.231536, 0.212766,
 0.107692, 0.281946, 0.212766,
 0.123077, 0.320047, 0.212766,
 0.138462, 0.349355, 0.212766,
 0.153846, 0.316530, 0.212766,
 0.169231, 0.266706, 0.212766,
 0.184615, 0.257913, 0.212766,
 0.200000, 0.311254, 0.212766,
 0.215385, 0.320633, 0.212766,
 0.230769, 0.300117, 0.212766,
 0.246154, 0.334701, 0.212766,
 0.261538, 0.347011, 0.212766,
 0.276923, 0.394490, 0.212766,
 0.292308, 0.426143, 0.212766,
 0.307692, 0.408558, 0.212766,
 0.323077, 0.422040, 0.212766,
 0.338462, 0.446073, 0.212766,
 0.353846, 0.497655, 0.212766,
 0.369231, 0.574443, 0.212766,
 0.384615, 0.574443, 0.212766,
 0.400000, 0.574443, 0.212766,
 0.415385, 0.596717, 0.212766,
 0.430769, 0.563892, 0.212766,
 0.446154, 0.464830, 0.212766,
 0.461538, 0.457796, 0.212766,
 0.476923, 0.531067, 0.212766,
 0.492308, 0.410317, 0.212766,
 0.507692, 0.294842, 0.212766,
 0.523077, 0.294842, 0.212766,
 0.538462, 0.208675, 0.212766,
 0.553846, 0.095545, 0.212766,
 0.569231, 0.062134, 0.212766,
 0.584615, 0.057444, 0.212766,
 0.600000, 0.063892, 0.212766,
 0.615385, 0.080305, 0.212766,
 0.630769, 0.073857, 0.212766,
 0.646154, 0.030481, 0.212766,
 0.661538, 0.001172, 0.212766,
 0.676923, 0.000000, 0.212766,
 0.692308, 0.000000, 0.212766,
 0.707692, 0.000000, 0.212766,
 0.723077, 0.000000, 0.212766,
 0.738462, 0.000000, 0.212766,
 0.753846, 0.000000, 0.212766,
 0.769231, 0.000000, 0.212766,
 0.784615, 0.000000, 0.212766,
 0.800000, 0.000000, 0.212766,
 0.815385, 0.000000, 0.212766,
 0.830769, 0.000000, 0.212766,
 0.846154, 0.000000, 0.212766,
 0.861538, 0.000000, 0.212766,
 0.876923, 0.000000, 0.212766,
 0.892308, 0.000000, 0.212766,
 0.907692, 0.000000, 0.212766,
 0.923077, 0.000000, 0.212766,
 0.938462, 0.000000, 0.212766,
 0.953846, 0.000000, 0.212766,
 0.969231, 0.000000, 0.212766,
 0.984615, 0.000000, 0.212766,
 1.000000, 0.000000, 0.212766,
 0.000000, 0.178781, 0.234043,
 0.015385, 0.187573, 0.234043,
 0.030769, 0.205744, 0.234043,
 0.046154, 0.214537, 0.234043,
 0.061538, 0.206917, 0.234043,
 0.076923, 0.229777, 0.234043,
 0.092308, 0.282532, 0.234043,
 0.107692, 0.321219, 0.234043,
 0.123077, 0.369871, 0.234043,
 0.138462, 0.352286, 0.234043,
 0.153846, 0.286049, 0.234043,
 0.169231, 0.259086, 0.234043,
 0.184615, 0.250293, 0.234043,
 0.200000, 0.297773, 0.234043,
 0.215385, 0.305393, 0.234043,
 0.230769, 0.275498, 0.234043,
 0.246154, 0.303634, 0.234043,
 0.261538, 0.345252, 0.234043,
 0.276923, 0.406800, 0.234043,
 0.292308, 0.408558, 0.234043,
 0.307692, 0.390387, 0.234043,
 0.323077, 0.432005, 0.234043,
 0.338462, 0.489449, 0.234043,
 0.353846, 0.524033, 0.234043,
 0.369231, 0.524033, 0.234043,
 0.384615, 0.524033, 0.234043,
 0.400000, 0.520516, 0.234043,
 0.415385, 0.508792, 0.234043,
 0.430769, 0.551583, 0.234043,
 0.446154, 0.562720, 0.234043,
 0.461538, 0.516413, 0.234043,
 0.476923, 0.492966, 0.234043,
 0.492308, 0.461899, 0.234043,
 0.507692, 0.461899, 0.234043,
 0.523077, 0.461899, 0.234043,
 0.538462, 0.407972, 0.234043,
 0.553846, 0.276671, 0.234043,
 0.569231, 0.138921, 0.234043,
 0.584615, 0.090270, 0.234043,
 0.600000, 0.086166, 0.234043,
 0.615385, 0.087339, 0.234043,
 0.630769, 0.095545, 0.234043,
 0.646154, 0.064478, 0.234043,
 0.661538, 0.017585, 0.234043,
 0.676923, 0.009379, 0.234043,
 0.692308, 0.007034, 0.234043,
 0.707692, 0.004689, 0.234043,
 0.723077, 0.003517, 0.234043,
 0.738462, 0.000000, 0.234043,
 0.753846, 0.000000, 0.234043,
 0.769231, 0.000000, 0.234043,
 0.784615, 0.000000, 0.234043,
 0.800000, 0.000000, 0.234043,
 0.815385, 0.000000, 0.234043,
 0.830769, 0.000000, 0.234043,
 0.846154, 0.000000, 0.234043,
 0.861538, 0.000000, 0.234043,
 0.876923, 0.000000, 0.234043,
 0.892308, 0.000000, 0.234043,
 0.907692, 0.000000, 0.234043,
 0.923077, 0.000000, 0.234043,
 0.938462, 0.000000, 0.234043,
 0.953846, 0.000000, 0.234043,
 0.969231, 0.000000, 0.234043,
 0.984615, 0.000000, 0.234043,
 1.000000, 0.000000, 0.234043,
 0.000000, 0.172919, 0.255319,
 0.015385, 0.182884, 0.255319,
 0.030769, 0.200469, 0.255319,
 0.046154, 0.212192, 0.255319,
 0.061538, 0.215709, 0.255319,
 0.076923, 0.216882, 0.255319,
 0.092308, 0.255569, 0.255319,
 0.107692, 0.362251, 0.255319,
 0.123077, 0.385698, 0.255319,
 0.138462, 0.321805, 0.255319,
 0.153846, 0.278429, 0.255319,
 0.169231, 0.252052, 0.255319,
 0.184615, 0.246776, 0.255319,
 0.200000, 0.254396, 0.255319,
 0.215385, 0.255569, 0.255319,
 0.230769, 0.271395, 0.255319,
 0.246154, 0.317116, 0.255319,
 0.261538, 0.392732, 0.255319,
 0.276923, 0.433177, 0.255319,
 0.292308, 0.394490, 0.255319,
 0.307692, 0.381008, 0.255319,
 0.323077, 0.390387, 0.255319,
 0.338462, 0.413834, 0.255319,
 0.353846, 0.437280, 0.255319,
 0.369231, 0.434936, 0.255319,
 0.384615, 0.434936, 0.255319,
 0.400000, 0.410317, 0.255319,
 0.415385, 0.386870, 0.255319,
 0.430769, 0.411489, 0.255319,
 0.446154, 0.436108, 0.255319,
 0.461538, 0.437280, 0.255319,
 0.476923, 0.437280, 0.255319,
 0.492308, 0.439625, 0.255319,
 0.507692, 0.439625, 0.255319,
 0.523077, 0.438453, 0.255319,
 0.538462, 0.438453, 0.255319,
 0.553846, 0.441970, 0.255319,
 0.569231, 0.307151, 0.255319,
 0.584615, 0.196952, 0.255319,
 0.600000, 0.223916, 0.255319,
 0.615385, 0.179367, 0.255319,
 0.630769, 0.178195, 0.255319,
 0.646154, 0.180539, 0.255319,
 0.661538, 0.123681, 0.255319,
 0.676923, 0.120164, 0.255319,
 0.692308, 0.078546, 0.255319,
 0.707692, 0.040445, 0.255319,
 0.723077, 0.032825, 0.255319,
 0.738462, 0.003517, 0.255319,
 0.753846, 0.000000, 0.255319,
 0.769231, 0.005862, 0.255319,
 0.784615, 0.029894, 0.255319,
 0.800000, 0.024033, 0.255319,
 0.815385, 0.000000, 0.255319,
 0.830769, 0.000000, 0.255319,
 0.846154, 0.000000, 0.255319,
 0.861538, 0.000000, 0.255319,
 0.876923, 0.000000, 0.255319,
 0.892308, 0.000000, 0.255319,
 0.907692, 0.000000, 0.255319,
 0.923077, 0.000000, 0.255319,
 0.938462, 0.000000, 0.255319,
 0.953846, 0.000000, 0.255319,
 0.969231, 0.000000, 0.255319,
 0.984615, 0.000000, 0.255319,
 1.000000, 0.000000, 0.255319,
 0.000000, 0.135404, 0.276596,
 0.015385, 0.154162, 0.276596,
 0.030769, 0.178195, 0.276596,
 0.046154, 0.205744, 0.276596,
 0.061538, 0.235053, 0.276596,
 0.076923, 0.246190, 0.276596,
 0.092308, 0.246190, 0.276596,
 0.107692, 0.284291, 0.276596,
 0.123077, 0.331184, 0.276596,
 0.138462, 0.311841, 0.276596,
 0.153846, 0.229777, 0.276596,
 0.169231, 0.200469, 0.276596,
 0.184615, 0.218640, 0.276596,
 0.200000, 0.225674, 0.276596,
 0.215385, 0.237984, 0.276596,
 0.230769, 0.298359, 0.276596,
 0.246154, 0.402110, 0.276596,
 0.261538, 0.441970, 0.276596,
 0.276923, 0.393904, 0.276596,
 0.292308, 0.404455, 0.276596,
 0.307692, 0.441383, 0.276596,
 0.323077, 0.390387, 0.276596,
 0.338462, 0.372802, 0.276596,
 0.353846, 0.368113, 0.276596,
 0.369231, 0.351114, 0.276596,
 0.384615, 0.356389, 0.276596,
 0.400000, 0.347011, 0.276596,
 0.415385, 0.345838, 0.276596,
 0.430769, 0.356389, 0.276596,
 0.446154, 0.365182, 0.276596,
 0.461538, 0.373974, 0.276596,
 0.476923, 0.375147, 0.276596,
 0.492308, 0.390973, 0.276596,
 0.507692, 0.389215, 0.276596,
 0.523077, 0.382767, 0.276596,
 0.538462, 0.383939, 0.276596,
 0.553846, 0.410903, 0.276596,
 0.569231, 0.440797, 0.276596,
 0.584615, 0.479484, 0.276596,
 0.600000, 0.514654, 0.276596,
 0.615385, 0.481829, 0.276596,
 0.630769, 0.475381, 0.276596,
 0.646154, 0.490621, 0.276596,
 0.661538, 0.468347, 0.276596,
 0.676923, 0.437866, 0.276596,
 0.692308, 0.267292, 0.276596,
 0.707692, 0.121336, 0.276596,
 0.723077, 0.121336, 0.276596,
 0.738462, 0.082649, 0.276596,
 0.753846, 0.053341, 0.276596,
 0.769231, 0.097890, 0.276596,
 0.784615, 0.253224, 0.276596,
 0.800000, 0.202227, 0.276596,
 0.815385, 0.026964, 0.276596,
 0.830769, 0.003517, 0.276596,
 0.846154, 0.000000, 0.276596,
 0.861538, 0.000000, 0.276596,
 0.876923, 0.000000, 0.276596,
 0.892308, 0.000000, 0.276596,
 0.907692, 0.000000, 0.276596,
 0.923077, 0.000000, 0.276596,
 0.938462, 0.000000, 0.276596,
 0.953846, 0.000000, 0.276596,
 0.969231, 0.000000, 0.276596,
 0.984615, 0.000000, 0.276596,
 1.000000, 0.000000, 0.276596,
 0.000000, 0.143025, 0.297872,
 0.015385, 0.168816, 0.297872,
 0.030769, 0.229777, 0.297872,
 0.046154, 0.272567, 0.297872,
 0.061538, 0.312427, 0.297872,
 0.076923, 0.330012, 0.297872,
 0.092308, 0.332356, 0.297872,
 0.107692, 0.322392, 0.297872,
 0.123077, 0.268464, 0.297872,
 0.138462, 0.240914, 0.297872,
 0.153846, 0.207503, 0.297872,
 0.169231, 0.169988, 0.297872,
 0.184615, 0.189918, 0.297872,
 0.200000, 0.245018, 0.297872,
 0.215385, 0.290152, 0.297872,
 0.230769, 0.338218, 0.297872,
 0.246154, 0.398593, 0.297872,
 0.261538, 0.395662, 0.297872,
 0.276923, 0.330012, 0.297872,
 0.292308, 0.404455, 0.297872,
 0.307692, 0.556858, 0.297872,
 0.323077, 0.477140, 0.297872,
 0.338462, 0.354045, 0.297872,
 0.353846, 0.319461, 0.297872,
 0.369231, 0.311254, 0.297872,
 0.384615, 0.344666, 0.297872,
 0.400000, 0.335873, 0.297872,
 0.415385, 0.330598, 0.297872,
 0.430769, 0.348183, 0.297872,
 0.446154, 0.357562, 0.297872,
 0.461538, 0.366354, 0.297872,
 0.476923, 0.373974, 0.297872,
 0.492308, 0.372802, 0.297872,
 0.507692, 0.365182, 0.297872,
 0.523077, 0.372802, 0.297872,
 0.538462, 0.381594, 0.297872,
 0.553846, 0.407386, 0.297872,
 0.569231, 0.399766, 0.297872,
 0.584615, 0.397421, 0.297872,
 0.600000, 0.478312, 0.297872,
 0.615385, 0.525205, 0.297872,
 0.630769, 0.540445, 0.297872,
 0.646154, 0.541618, 0.297872,
 0.661538, 0.490035, 0.297872,
 0.676923, 0.443728, 0.297872,
 0.692308, 0.444900, 0.297872,
 0.707692, 0.449004, 0.297872,
 0.723077, 0.449004, 0.297872,
 0.738462, 0.450176, 0.297872,
 0.753846, 0.413834, 0.297872,
 0.769231, 0.451348, 0.297872,
 0.784615, 0.440797, 0.297872,
 0.800000, 0.351700, 0.297872,
 0.815385, 0.199297, 0.297872,
 0.830769, 0.026964, 0.297872,
 0.846154, 0.000000, 0.297872,
 0.861538, 0.000000, 0.297872,
 0.876923, 0.000000, 0.297872,
 0.892308, 0.000000, 0.297872,
 0.907692, 0.000000, 0.297872,
 0.923077, 0.000000, 0.297872,
 0.938462, 0.000000, 0.297872,
 0.953846, 0.000000, 0.297872,
 0.969231, 0.000000, 0.297872,
 0.984615, 0.000000, 0.297872,
 1.000000, 0.000000, 0.297872,
 0.000000, 0.144197, 0.319149,
 0.015385, 0.158265, 0.319149,
 0.030769, 0.207503, 0.319149,
 0.046154, 0.289566, 0.319149,
 0.061538, 0.301876, 0.319149,
 0.076923, 0.260844, 0.319149,
 0.092308, 0.275498, 0.319149,
 0.107692, 0.260844, 0.319149,
 0.123077, 0.209848, 0.319149,
 0.138462, 0.176436, 0.319149,
 0.153846, 0.164127, 0.319149,
 0.169231, 0.179367, 0.319149,
 0.184615, 0.216882, 0.319149,
 0.200000, 0.273740, 0.319149,
 0.215385, 0.369285, 0.319149,
 0.230769, 0.440797, 0.319149,
 0.246154, 0.375147, 0.319149,
 0.261538, 0.292497, 0.319149,
 0.276923, 0.265533, 0.319149,
 0.292308, 0.303634, 0.319149,
 0.307692, 0.395076, 0.319149,
 0.323077, 0.375733, 0.319149,
 0.338462, 0.325909, 0.319149,
 0.353846, 0.300117, 0.319149,
 0.369231, 0.303634, 0.319149,
 0.384615, 0.325322, 0.319149,
 0.400000, 0.314771, 0.319149,
 0.415385, 0.330598, 0.319149,
 0.430769, 0.348183, 0.319149,
 0.446154, 0.355217, 0.319149,
 0.461538, 0.364009, 0.319149,
 0.476923, 0.365182, 0.319149,
 0.492308, 0.357562, 0.319149,
 0.507692, 0.359906, 0.319149,
 0.523077, 0.363423, 0.319149,
 0.538462, 0.369871, 0.319149,
 0.553846, 0.381594, 0.319149,
 0.569231, 0.381594, 0.319149,
 0.584615, 0.365182, 0.319149,
 0.600000, 0.386284, 0.319149,
 0.615385, 0.447245, 0.319149,
 0.630769, 0.503517, 0.319149,
 0.646154, 0.514654, 0.319149,
 0.661538, 0.482415, 0.319149,
 0.676923, 0.482415, 0.319149,
 0.692308, 0.491208, 0.319149,
 0.707692, 0.464244, 0.319149,
 0.723077, 0.461899, 0.319149,
 0.738462, 0.470106, 0.319149,
 0.753846, 0.485346, 0.319149,
 0.769231, 0.477726, 0.319149,
 0.784615, 0.410317, 0.319149,
 0.800000, 0.338218, 0.319149,
 0.815385, 0.203986, 0.319149,
 0.830769, 0.069754, 0.319149,
 0.846154, 0.029308, 0.319149,
 0.861538, 0.015240, 0.319149,
 0.876923, 0.003517, 0.319149,
 0.892308, 0.000000, 0.319149,
 0.907692, 0.000000, 0.319149,
 0.923077, 0.000000, 0.319149,
 0.938462, 0.000000, 0.319149,
 0.953846, 0.000000, 0.319149,
 0.969231, 0.000000, 0.319149,
 0.984615, 0.000000, 0.319149,
 1.000000, 0.000000, 0.319149,
 0.000000, 0.152989, 0.340426,
 0.015385, 0.144197, 0.340426,
 0.030769, 0.158265, 0.340426,
 0.046154, 0.190504, 0.340426,
 0.061538, 0.222743, 0.340426,
 0.076923, 0.207503, 0.340426,
 0.092308, 0.199883, 0.340426,
 0.107692, 0.207503, 0.340426,
 0.123077, 0.176436, 0.340426,
 0.138462, 0.164127, 0.340426,
 0.153846, 0.194607, 0.340426,
 0.169231, 0.244431, 0.340426,
 0.184615, 0.288980, 0.340426,
 0.200000, 0.304807, 0.340426,
 0.215385, 0.328253, 0.340426,
 0.230769, 0.396249, 0.340426,
 0.246154, 0.372802, 0.340426,
 0.261538, 0.282532, 0.340426,
 0.276923, 0.252638, 0.340426,
 0.292308, 0.300117, 0.340426,
 0.307692, 0.342321, 0.340426,
 0.323077, 0.315944, 0.340426,
 0.338462, 0.290152, 0.340426,
 0.353846, 0.275498, 0.340426,
 0.369231, 0.300117, 0.340426,
 0.384615, 0.344666, 0.340426,
 0.400000, 0.331770, 0.340426,
 0.415385, 0.331770, 0.340426,
 0.430769, 0.349355, 0.340426,
 0.446154, 0.340563, 0.340426,
 0.461538, 0.347011, 0.340426,
 0.476923, 0.356389, 0.340426,
 0.492308, 0.357562, 0.340426,
 0.507692, 0.372802, 0.340426,
 0.523077, 0.398593, 0.340426,
 0.538462, 0.390973, 0.340426,
 0.553846, 0.365182, 0.340426,
 0.569231, 0.364009, 0.340426,
 0.584615, 0.355217, 0.340426,
 0.600000, 0.339390, 0.340426,
 0.615385, 0.387456, 0.340426,
 0.630769, 0.458968, 0.340426,
 0.646154, 0.491208, 0.340426,
 0.661538, 0.484760, 0.340426,
 0.676923, 0.487104, 0.340426,
 0.692308, 0.500586, 0.340426,
 0.707692, 0.471278, 0.340426,
 0.723077, 0.441970, 0.340426,
 0.738462, 0.436108, 0.340426,
 0.753846, 0.440797, 0.340426,
 0.769231, 0.450176, 0.340426,
 0.784615, 0.467761, 0.340426,
 0.800000, 0.509379, 0.340426,
 0.815385, 0.497069, 0.340426,
 0.830769, 0.380422, 0.340426,
 0.846154, 0.252052, 0.340426,
 0.861538, 0.141852, 0.340426,
 0.876923, 0.046307, 0.340426,
 0.892308, 0.017585, 0.340426,
 0.907692, 0.017585, 0.340426,
 0.923077, 0.005862, 0.340426,
 0.938462, 0.000000, 0.340426,
 0.953846, 0.000000, 0.340426,
 0.969231, 0.000000, 0.340426,
 0.984615, 0.000000, 0.340426,
 1.000000, 0.000000, 0.340426,
 0.000000, 0.161782, 0.361702,
 0.015385, 0.151817, 0.361702,
 0.030769, 0.143025, 0.361702,
 0.046154, 0.151817, 0.361702,
 0.061538, 0.160610, 0.361702,
 0.076923, 0.160610, 0.361702,
 0.092308, 0.161782, 0.361702,
 0.107692, 0.162954, 0.361702,
 0.123077, 0.167644, 0.361702,
 0.138462, 0.196952, 0.361702,
 0.153846, 0.244431, 0.361702,
 0.169231, 0.265533, 0.361702,
 0.184615, 0.246776, 0.361702,
 0.200000, 0.246776, 0.361702,
 0.215385, 0.303634, 0.361702,
 0.230769, 0.344666, 0.361702,
 0.246154, 0.345838, 0.361702,
 0.261538, 0.313599, 0.361702,
 0.276923, 0.264361, 0.361702,
 0.292308, 0.273740, 0.361702,
 0.307692, 0.298945, 0.361702,
 0.323077, 0.274912, 0.361702,
 0.338462, 0.257913, 0.361702,
 0.353846, 0.266706, 0.361702,
 0.369231, 0.274912, 0.361702,
 0.384615, 0.313599, 0.361702,
 0.400000, 0.332356, 0.361702,
 0.415385, 0.334701, 0.361702,
 0.430769, 0.354045, 0.361702,
 0.446154, 0.350528, 0.361702,
 0.461538, 0.348769, 0.361702,
 0.476923, 0.361079, 0.361702,
 0.492308, 0.368699, 0.361702,
 0.507692, 0.368699, 0.361702,
 0.523077, 0.381008, 0.361702,
 0.538462, 0.373974, 0.361702,
 0.553846, 0.355217, 0.361702,
 0.569231, 0.347011, 0.361702,
 0.584615, 0.339390, 0.361702,
 0.600000, 0.339390, 0.361702,
 0.615385, 0.348183, 0.361702,
 0.630769, 0.413834, 0.361702,
 0.646154, 0.483001, 0.361702,
 0.661538, 0.498242, 0.361702,
 0.676923, 0.516999, 0.361702,
 0.692308, 0.558030, 0.361702,
 0.707692, 0.520516, 0.361702,
 0.723077, 0.421454, 0.361702,
 0.738462, 0.376905, 0.361702,
 0.753846, 0.406800, 0.361702,
 0.769231, 0.463072, 0.361702,
 0.784615, 0.480070, 0.361702,
 0.800000, 0.507034, 0.361702,
 0.815385, 0.535756, 0.361702,
 0.830769, 0.539273, 0.361702,
 0.846154, 0.456038, 0.361702,
 0.861538, 0.318288, 0.361702,
 0.876923, 0.178781, 0.361702,
 0.892308, 0.139508, 0.361702,
 0.907692, 0.145369, 0.361702,
 0.923077, 0.062134, 0.361702,
 0.938462, 0.011723, 0.361702,
 0.953846, 0.000000, 0.361702,
 0.969231, 0.000000, 0.361702,
 0.984615, 0.001172, 0.361702,
 1.000000, 0.001172, 0.361702,
 0.000000, 0.171747, 0.382979,
 0.015385, 0.154162, 0.382979,
 0.030769, 0.144197, 0.382979,
 0.046154, 0.151817, 0.382979,
 0.061538, 0.161782, 0.382979,
 0.076923, 0.166471, 0.382979,
 0.092308, 0.179953, 0.382979,
 0.107692, 0.189918, 0.382979,
 0.123077, 0.220985, 0.382979,
 0.138462, 0.257913, 0.382979,
 0.153846, 0.260844, 0.382979,
 0.169231, 0.242087, 0.382979,
 0.184615, 0.217468, 0.382979,
 0.200000, 0.218640, 0.382979,
 0.215385, 0.235639, 0.382979,
 0.230769, 0.250879, 0.382979,
 0.246154, 0.259086, 0.382979,
 0.261538, 0.253224, 0.382979,
 0.276923, 0.240328, 0.382979,
 0.292308, 0.247948, 0.382979,
 0.307692, 0.264361, 0.382979,
 0.323077, 0.257913, 0.382979,
 0.338462, 0.250293, 0.382979,
 0.353846, 0.257913, 0.382979,
 0.369231, 0.257913, 0.382979,
 0.384615, 0.259086, 0.382979,
 0.400000, 0.286049, 0.382979,
 0.415385, 0.303634, 0.382979,
 0.430769, 0.328253, 0.382979,
 0.446154, 0.365182, 0.382979,
 0.461538, 0.408558, 0.382979,
 0.476923, 0.441970, 0.382979,
 0.492308, 0.445487, 0.382979,
 0.507692, 0.446659, 0.382979,
 0.523077, 0.415006, 0.382979,
 0.538462, 0.356975, 0.382979,
 0.553846, 0.330598, 0.382979,
 0.569231, 0.332356, 0.382979,
 0.584615, 0.338218, 0.382979,
 0.600000, 0.341735, 0.382979,
 0.615385, 0.349355, 0.382979,
 0.630769, 0.373974, 0.382979,
 0.646154, 0.429074, 0.382979,
 0.661538, 0.483587, 0.382979,
 0.676923, 0.508206, 0.382979,
 0.692308, 0.525791, 0.382979,
 0.707692, 0.541618, 0.382979,
 0.723077, 0.519930, 0.382979,
 0.738462, 0.481243, 0.382979,
 0.753846, 0.461899, 0.382979,
 0.769231, 0.405627, 0.382979,
 0.784615, 0.393904, 0.382979,
 0.800000, 0.471864, 0.382979,
 0.815385, 0.518757, 0.382979,
 0.830769, 0.553927, 0.382979,
 0.846154, 0.531653, 0.382979,
 0.861538, 0.397421, 0.382979,
 0.876923, 0.224502, 0.382979,
 0.892308, 0.218640, 0.382979,
 0.907692, 0.252052, 0.382979,
 0.923077, 0.201641, 0.382979,
 0.938462, 0.103165, 0.382979,
 0.953846, 0.007034, 0.382979,
 0.969231, 0.008206, 0.382979,
 0.984615, 0.016999, 0.382979,
 1.000000, 0.016999, 0.382979,
 0.000000, 0.188746, 0.404255,
 0.015385, 0.170574, 0.404255,
 0.030769, 0.154162, 0.404255,
 0.046154, 0.151817, 0.404255,
 0.061538, 0.167644, 0.404255,
 0.076923, 0.201055, 0.404255,
 0.092308, 0.242087, 0.404255,
 0.107692, 0.259086, 0.404255,
 0.123077, 0.259086, 0.404255,
 0.138462, 0.243259, 0.404255,
 0.153846, 0.209848, 0.404255,
 0.169231, 0.184056, 0.404255,
 0.184615, 0.177608, 0.404255,
 0.200000, 0.186401, 0.404255,
 0.215385, 0.192849, 0.404255,
 0.230769, 0.192849, 0.404255,
 0.246154, 0.192849, 0.404255,
 0.261538, 0.207503, 0.404255,
 0.276923, 0.226846, 0.404255,
 0.292308, 0.230950, 0.404255,
 0.307692, 0.242087, 0.404255,
 0.323077, 0.253810, 0.404255,
 0.338462, 0.253810, 0.404255,
 0.353846, 0.252638, 0.404255,
 0.369231, 0.252638, 0.404255,
 0.384615, 0.261430, 0.404255,
 0.400000, 0.287222, 0.404255,
 0.415385, 0.305979, 0.404255,
 0.430769, 0.317116, 0.404255,
 0.446154, 0.359320, 0.404255,
 0.461538, 0.393318, 0.404255,
 0.476923, 0.409730, 0.404255,
 0.492308, 0.435522, 0.404255,
 0.507692, 0.436694, 0.404255,
 0.523077, 0.371630, 0.404255,
 0.538462, 0.291325, 0.404255,
 0.553846, 0.270223, 0.404255,
 0.569231, 0.288394, 0.404255,
 0.584615, 0.330598, 0.404255,
 0.600000, 0.357562, 0.404255,
 0.615385, 0.357562, 0.404255,
 0.630769, 0.365182, 0.404255,
 0.646154, 0.424385, 0.404255,
 0.661538, 0.487691, 0.404255,
 0.676923, 0.502345, 0.404255,
 0.692308, 0.525791, 0.404255,
 0.707692, 0.589683, 0.404255,
 0.723077, 0.718054, 0.404255,
 0.738462, 0.731536, 0.404255,
 0.753846, 0.642438, 0.404255,
 0.769231, 0.525205, 0.404255,
 0.784615, 0.409730, 0.404255,
 0.800000, 0.375733, 0.404255,
 0.815385, 0.393904, 0.404255,
 0.830769, 0.477726, 0.404255,
 0.846154, 0.619578, 0.404255,
 0.861538, 0.681125, 0.404255,
 0.876923, 0.569754, 0.404255,
 0.892308, 0.519930, 0.404255,
 0.907692, 0.452521, 0.404255,
 0.923077, 0.362837, 0.404255,
 0.938462, 0.204572, 0.404255,
 0.953846, 0.054513, 0.404255,
 0.969231, 0.060375, 0.404255,
 0.984615, 0.066823, 0.404255,
 1.000000, 0.065651, 0.404255,
 0.000000, 0.196366, 0.425532,
 0.015385, 0.176436, 0.425532,
 0.030769, 0.168816, 0.425532,
 0.046154, 0.152989, 0.425532,
 0.061538, 0.152989, 0.425532,
 0.076923, 0.168816, 0.425532,
 0.092308, 0.184056, 0.425532,
 0.107692, 0.192263, 0.425532,
 0.123077, 0.192263, 0.425532,
 0.138462, 0.192263, 0.425532,
 0.153846, 0.176436, 0.425532,
 0.169231, 0.160610, 0.425532,
 0.184615, 0.169988, 0.425532,
 0.200000, 0.177608, 0.425532,
 0.215385, 0.169988, 0.425532,
 0.230769, 0.170574, 0.425532,
 0.246154, 0.170574, 0.425532,
 0.261538, 0.165299, 0.425532,
 0.276923, 0.193435, 0.425532,
 0.292308, 0.225674, 0.425532,
 0.307692, 0.249121, 0.425532,
 0.323077, 0.276671, 0.425532,
 0.338462, 0.280188, 0.425532,
 0.353846, 0.271395, 0.425532,
 0.369231, 0.271395, 0.425532,
 0.384615, 0.280188, 0.425532,
 0.400000, 0.296014, 0.425532,
 0.415385, 0.319461, 0.425532,
 0.430769, 0.342907, 0.425532,
 0.446154, 0.369285, 0.425532,
 0.461538, 0.388628, 0.425532,
 0.476923, 0.395076, 0.425532,
 0.492308, 0.409730, 0.425532,
 0.507692, 0.358148, 0.425532,
 0.523077, 0.283705, 0.425532,
 0.538462, 0.271395, 0.425532,
 0.553846, 0.291325, 0.425532,
 0.569231, 0.308324, 0.425532,
 0.584615, 0.332943, 0.425532,
 0.600000, 0.358734, 0.425532,
 0.615385, 0.358734, 0.425532,
 0.630769, 0.357562, 0.425532,
 0.646154, 0.390973, 0.425532,
 0.661538, 0.463658, 0.425532,
 0.676923, 0.516999, 0.425532,
 0.692308, 0.583822, 0.425532,
 0.707692, 0.671161, 0.425532,
 0.723077, 0.743845, 0.425532,
 0.738462, 0.825909, 0.425532,
 0.753846, 0.747948, 0.425532,
 0.769231, 0.747948, 0.425532,
 0.784615, 0.876319, 0.425532,
 0.800000, 0.653576, 0.425532,
 0.815385, 0.381008, 0.425532,
 0.830769, 0.386284, 0.425532,
 0.846154, 0.552755, 0.425532,
 0.861538, 0.705158, 0.425532,
 0.876923, 0.740914, 0.425532,
 0.892308, 0.662954, 0.425532,
 0.907692, 0.467761, 0.425532,
 0.923077, 0.389801, 0.425532,
 0.938462, 0.262603, 0.425532,
 0.953846, 0.077374, 0.425532,
 0.969231, 0.061547, 0.425532,
 0.984615, 0.059203, 0.425532,
 1.000000, 0.045721, 0.425532,
 0.000000, 0.199883, 0.446809,
 0.015385, 0.162954, 0.446809,
 0.030769, 0.160610, 0.446809,
 0.046154, 0.160610, 0.446809,
 0.061538, 0.161782, 0.446809,
 0.076923, 0.162954, 0.446809,
 0.092308, 0.161782, 0.446809,
 0.107692, 0.160610, 0.446809,
 0.123077, 0.161782, 0.446809,
 0.138462, 0.165299, 0.446809,
 0.153846, 0.167644, 0.446809,
 0.169231, 0.164127, 0.446809,
 0.184615, 0.169988, 0.446809,
 0.200000, 0.171747, 0.446809,
 0.215385, 0.175264, 0.446809,
 0.230769, 0.185229, 0.446809,
 0.246154, 0.182884, 0.446809,
 0.261538, 0.198710, 0.446809,
 0.276923, 0.233294, 0.446809,
 0.292308, 0.242087, 0.446809,
 0.307692, 0.242087, 0.446809,
 0.323077, 0.274912, 0.446809,
 0.338462, 0.304807, 0.446809,
 0.353846, 0.302462, 0.446809,
 0.369231, 0.301290, 0.446809,
 0.384615, 0.308324, 0.446809,
 0.400000, 0.307151, 0.446809,
 0.415385, 0.304807, 0.446809,
 0.430769, 0.303634, 0.446809,
 0.446154, 0.327081, 0.446809,
 0.461538, 0.350528, 0.446809,
 0.476923, 0.340563, 0.446809,
 0.492308, 0.332943, 0.446809,
 0.507692, 0.309496, 0.446809,
 0.523077, 0.287222, 0.446809,
 0.538462, 0.315944, 0.446809,
 0.553846, 0.352872, 0.446809,
 0.569231, 0.360492, 0.446809,
 0.584615, 0.357562, 0.446809,
 0.600000, 0.366354, 0.446809,
 0.615385, 0.366354, 0.446809,
 0.630769, 0.358734, 0.446809,
 0.646154, 0.376319, 0.446809,
 0.661538, 0.452521, 0.446809,
 0.676923, 0.508206, 0.446809,
 0.692308, 0.604338, 0.446809,
 0.707692, 0.793083, 0.446809,
 0.723077, 0.759086, 0.446809,
 0.738462, 0.667644, 0.446809,
 0.753846, 0.660023, 0.446809,
 0.769231, 0.660023, 0.446809,
 0.784615, 0.740328, 0.446809,
 0.800000, 0.826495, 0.446809,
 0.815385, 0.686987, 0.446809,
 0.830769, 0.463658, 0.446809,
 0.846154, 0.424385, 0.446809,
 0.861538, 0.383939, 0.446809,
 0.876923, 0.318288, 0.446809,
 0.892308, 0.298359, 0.446809,
 0.907692, 0.307151, 0.446809,
 0.923077, 0.310668, 0.446809,
 0.938462, 0.288980, 0.446809,
 0.953846, 0.195193, 0.446809,
 0.969231, 0.206331, 0.446809,
 0.984615, 0.262603, 0.446809,
 1.000000, 0.240328, 0.446809,
 0.000000, 0.223329, 0.468085,
 0.015385, 0.179953, 0.468085,
 0.030769, 0.161782, 0.468085,
 0.046154, 0.162954, 0.468085,
 0.061538, 0.171747, 0.468085,
 0.076923, 0.178781, 0.468085,
 0.092308, 0.170574, 0.468085,
 0.107692, 0.161782, 0.468085,
 0.123077, 0.168816, 0.468085,
 0.138462, 0.193435, 0.468085,
 0.153846, 0.213365, 0.468085,
 0.169231, 0.194021, 0.468085,
 0.184615, 0.176436, 0.468085,
 0.200000, 0.189918, 0.468085,
 0.215385, 0.216882, 0.468085,
 0.230769, 0.235639, 0.468085,
 0.246154, 0.218640, 0.468085,
 0.261538, 0.218640, 0.468085,
 0.276923, 0.243259, 0.468085,
 0.292308, 0.250293, 0.468085,
 0.307692, 0.252638, 0.468085,
 0.323077, 0.261430, 0.468085,
 0.338462, 0.307151, 0.468085,
 0.353846, 0.346424, 0.468085,
 0.369231, 0.344080, 0.468085,
 0.384615, 0.344080, 0.468085,
 0.400000, 0.335873, 0.468085,
 0.415385, 0.314771, 0.468085,
 0.430769, 0.301290, 0.468085,
 0.446154, 0.300117, 0.468085,
 0.461538, 0.300117, 0.468085,
 0.476923, 0.282532, 0.468085,
 0.492308, 0.284877, 0.468085,
 0.507692, 0.348183, 0.468085,
 0.523077, 0.413247, 0.468085,
 0.538462, 0.452521, 0.468085,
 0.553846, 0.500586, 0.468085,
 0.569231, 0.505862, 0.468085,
 0.584615, 0.425557, 0.468085,
 0.600000, 0.371630, 0.468085,
 0.615385, 0.366354, 0.468085,
 0.630769, 0.365182, 0.468085,
 0.646154, 0.382767, 0.468085,
 0.661538, 0.429660, 0.468085,
 0.676923, 0.507034, 0.468085,
 0.692308, 0.589683, 0.468085,
 0.707692, 0.706917, 0.468085,
 0.723077, 0.745018, 0.468085,
 0.738462, 0.648886, 0.468085,
 0.753846, 0.586166, 0.468085,
 0.769231, 0.586166, 0.468085,
 0.784615, 0.607268, 0.468085,
 0.800000, 0.669988, 0.468085,
 0.815385, 0.787222, 0.468085,
 0.830769, 0.859906, 0.468085,
 0.846154, 0.888042, 0.468085,
 0.861538, 0.792497, 0.468085,
 0.876923, 0.467761, 0.468085,
 0.892308, 0.293669, 0.468085,
 0.907692, 0.344666, 0.468085,
 0.923077, 0.368699, 0.468085,
 0.938462, 0.323564, 0.468085,
 0.953846, 0.315944, 0.468085,
 0.969231, 0.390973, 0.468085,
 0.984615, 0.510551, 0.468085,
 1.000000, 0.631301, 0.468085,
 0.000000, 0.220985, 0.489362,
 0.015385, 0.185229, 0.489362,
 0.030769, 0.168816, 0.489362,
 0.046154, 0.178781, 0.489362,
 0.061538, 0.186401, 0.489362,
 0.076923, 0.177608, 0.489362,
 0.092308, 0.178781, 0.489362,
 0.107692, 0.170574, 0.489362,
 0.123077, 0.161782, 0.489362,
 0.138462, 0.168816, 0.489362,
 0.153846, 0.201055, 0.489362,
 0.169231, 0.236811, 0.489362,
 0.184615, 0.220985, 0.489362,
 0.200000, 0.204572, 0.489362,
 0.215385, 0.232122, 0.489362,
 0.230769, 0.257913, 0.489362,
 0.246154, 0.249121, 0.489362,
 0.261538, 0.249121, 0.489362,
 0.276923, 0.259086, 0.489362,
 0.292308, 0.251465, 0.489362,
 0.307692, 0.265533, 0.489362,
 0.323077, 0.274912, 0.489362,
 0.338462, 0.267878, 0.489362,
 0.353846, 0.269050, 0.489362,
 0.369231, 0.308324, 0.489362,
 0.384615, 0.365182, 0.489362,
 0.400000, 0.368699, 0.489362,
 0.415385, 0.328253, 0.489362,
 0.430769, 0.286049, 0.489362,
 0.446154, 0.276671, 0.489362,
 0.461538, 0.276671, 0.489362,
 0.476923, 0.259086, 0.489362,
 0.492308, 0.274912, 0.489362,
 0.507692, 0.338218, 0.489362,
 0.523077, 0.359906, 0.489362,
 0.538462, 0.367526, 0.489362,
 0.553846, 0.435522, 0.489362,
 0.569231, 0.482415, 0.489362,
 0.584615, 0.470106, 0.489362,
 0.600000, 0.414420, 0.489362,
 0.615385, 0.366354, 0.489362,
 0.630769, 0.357562, 0.489362,
 0.646154, 0.380422, 0.489362,
 0.661538, 0.440797, 0.489362,
 0.676923, 0.549238, 0.489362,
 0.692308, 0.650059, 0.489362,
 0.707692, 0.657679, 0.489362,
 0.723077, 0.651817, 0.489362,
 0.738462, 0.628370, 0.489362,
 0.753846, 0.561547, 0.489362,
 0.769231, 0.561547, 0.489362,
 0.784615, 0.607268, 0.489362,
 0.800000, 0.664713, 0.489362,
 0.815385, 0.664713, 0.489362,
 0.830769, 0.626612, 0.489362,
 0.846154, 0.832943, 0.489362,
 0.861538, 1.000000, 0.489362,
 0.876923, 0.797186, 0.489362,
 0.892308, 0.556858, 0.489362,
 0.907692, 0.468933, 0.489362,
 0.923077, 0.446659, 0.489362,
 0.938462, 0.390973, 0.489362,
 0.953846, 0.330598, 0.489362,
 0.969231, 0.309496, 0.489362,
 0.984615, 0.324736, 0.489362,
 1.000000, 0.345252, 0.489362,
 0.000000, 0.199883, 0.510638,
 0.015385, 0.168816, 0.510638,
 0.030769, 0.161782, 0.510638,
 0.046154, 0.182884, 0.510638,
 0.061538, 0.187573, 0.510638,
 0.076923, 0.178195, 0.510638,
 0.092308, 0.181712, 0.510638,
 0.107692, 0.178781, 0.510638,
 0.123077, 0.170574, 0.510638,
 0.138462, 0.162954, 0.510638,
 0.153846, 0.169988, 0.510638,
 0.169231, 0.199883, 0.510638,
 0.184615, 0.204572, 0.510638,
 0.200000, 0.201055, 0.510638,
 0.215385, 0.233294, 0.510638,
 0.230769, 0.247948, 0.510638,
 0.246154, 0.237984, 0.510638,
 0.261538, 0.239156, 0.510638,
 0.276923, 0.256741, 0.510638,
 0.292308, 0.257913, 0.510638,
 0.307692, 0.251465, 0.510638,
 0.323077, 0.261430, 0.510638,
 0.338462, 0.267878, 0.510638,
 0.353846, 0.273740, 0.510638,
 0.369231, 0.274912, 0.510638,
 0.384615, 0.291325, 0.510638,
 0.400000, 0.314771, 0.510638,
 0.415385, 0.308324, 0.510638,
 0.430769, 0.284877, 0.510638,
 0.446154, 0.277843, 0.510638,
 0.461538, 0.276671, 0.510638,
 0.476923, 0.259086, 0.510638,
 0.492308, 0.261430, 0.510638,
 0.507692, 0.273740, 0.510638,
 0.523077, 0.315944, 0.510638,
 0.538462, 0.372802, 0.510638,
 0.553846, 0.418523, 0.510638,
 0.569231, 0.478312, 0.510638,
 0.584615, 0.498242, 0.510638,
 0.600000, 0.429074, 0.510638,
 0.615385, 0.364009, 0.510638,
 0.630769, 0.359320, 0.510638,
 0.646154, 0.419695, 0.510638,
 0.661538, 0.467761, 0.510638,
 0.676923, 0.533411, 0.510638,
 0.692308, 0.643025, 0.510638,
 0.707692, 0.690504, 0.510638,
 0.723077, 0.703986, 0.510638,
 0.738462, 0.646542, 0.510638,
 0.753846, 0.555100, 0.510638,
 0.769231, 0.553927, 0.510638,
 0.784615, 0.606096, 0.510638,
 0.800000, 0.623095, 0.510638,
 0.815385, 0.620750, 0.510638,
 0.830769, 0.628957, 0.510638,
 0.846154, 0.710434, 0.510638,
 0.861538, 0.784291, 0.510638,
 0.876923, 0.737397, 0.510638,
 0.892308, 0.699297, 0.510638,
 0.907692, 0.633060, 0.510638,
 0.923077, 0.468347, 0.510638,
 0.938462, 0.343494, 0.510638,
 0.953846, 0.301876, 0.510638,
 0.969231, 0.303634, 0.510638,
 0.984615, 0.294842, 0.510638,
 1.000000, 0.265533, 0.510638,
 0.000000, 0.161782, 0.531915,
 0.015385, 0.162954, 0.531915,
 0.030769, 0.170574, 0.531915,
 0.046154, 0.211020, 0.531915,
 0.061538, 0.247948, 0.531915,
 0.076923, 0.242087, 0.531915,
 0.092308, 0.204572, 0.531915,
 0.107692, 0.176436, 0.531915,
 0.123077, 0.176436, 0.531915,
 0.138462, 0.176436, 0.531915,
 0.153846, 0.168816, 0.531915,
 0.169231, 0.160610, 0.531915,
 0.184615, 0.194607, 0.531915,
 0.200000, 0.228019, 0.531915,
 0.215385, 0.235639, 0.531915,
 0.230769, 0.226846, 0.531915,
 0.246154, 0.209261, 0.531915,
 0.261538, 0.219812, 0.531915,
 0.276923, 0.242087, 0.531915,
 0.292308, 0.252052, 0.531915,
 0.307692, 0.259086, 0.531915,
 0.323077, 0.273740, 0.531915,
 0.338462, 0.264947, 0.531915,
 0.353846, 0.249121, 0.531915,
 0.369231, 0.257913, 0.531915,
 0.384615, 0.266706, 0.531915,
 0.400000, 0.266706, 0.531915,
 0.415385, 0.276084, 0.531915,
 0.430769, 0.276671, 0.531915,
 0.446154, 0.282532, 0.531915,
 0.461538, 0.276084, 0.531915,
 0.476923, 0.262603, 0.531915,
 0.492308, 0.280188, 0.531915,
 0.507692, 0.315944, 0.531915,
 0.523077, 0.341735, 0.531915,
 0.538462, 0.357562, 0.531915,
 0.553846, 0.404455, 0.531915,
 0.569231, 0.434936, 0.531915,
 0.584615, 0.410903, 0.531915,
 0.600000, 0.370457, 0.531915,
 0.615385, 0.360492, 0.531915,
 0.630769, 0.381594, 0.531915,
 0.646154, 0.420868, 0.531915,
 0.661538, 0.496483, 0.531915,
 0.676923, 0.643025, 0.531915,
 0.692308, 0.698124, 0.531915,
 0.707692, 0.641266, 0.531915,
 0.723077, 0.623095, 0.531915,
 0.738462, 0.601993, 0.531915,
 0.753846, 0.558617, 0.531915,
 0.769231, 0.552755, 0.531915,
 0.784615, 0.596131, 0.531915,
 0.800000, 0.604338, 0.531915,
 0.815385, 0.584994, 0.531915,
 0.830769, 0.588511, 0.531915,
 0.846154, 0.617233, 0.531915,
 0.861538, 0.640094, 0.531915,
 0.876923, 0.641266, 0.531915,
 0.892308, 0.650059, 0.531915,
 0.907692, 0.682298, 0.531915,
 0.923077, 0.627784, 0.531915,
 0.938462, 0.563892, 0.531915,
 0.953846, 0.540445, 0.531915,
 0.969231, 0.434349, 0.531915,
 0.984615, 0.368113, 0.531915,
 1.000000, 0.320047, 0.531915,
 0.000000, 0.171747, 0.553191,
 0.015385, 0.179953, 0.553191,
 0.030769, 0.179953, 0.553191,
 0.046154, 0.186401, 0.553191,
 0.061538, 0.225674, 0.553191,
 0.076923, 0.239156, 0.553191,
 0.092308, 0.191090, 0.553191,
 0.107692, 0.160610, 0.553191,
 0.123077, 0.160610, 0.553191,
 0.138462, 0.160610, 0.553191,
 0.153846, 0.160610, 0.553191,
 0.169231, 0.160610, 0.553191,
 0.184615, 0.178781, 0.553191,
 0.200000, 0.195193, 0.553191,
 0.215385, 0.194607, 0.553191,
 0.230769, 0.188746, 0.553191,
 0.246154, 0.176436, 0.553191,
 0.261538, 0.201641, 0.553191,
 0.276923, 0.249121, 0.553191,
 0.292308, 0.263775, 0.553191,
 0.307692, 0.255569, 0.553191,
 0.323077, 0.250293, 0.553191,
 0.338462, 0.244431, 0.553191,
 0.353846, 0.244431, 0.553191,
 0.369231, 0.252052, 0.553191,
 0.384615, 0.259086, 0.553191,
 0.400000, 0.257913, 0.553191,
 0.415385, 0.266120, 0.553191,
 0.430769, 0.273740, 0.553191,
 0.446154, 0.259086, 0.553191,
 0.461538, 0.271395, 0.553191,
 0.476923, 0.288980, 0.553191,
 0.492308, 0.304807, 0.553191,
 0.507692, 0.339390, 0.553191,
 0.523077, 0.357562, 0.553191,
 0.538462, 0.357562, 0.553191,
 0.553846, 0.356389, 0.553191,
 0.569231, 0.348183, 0.553191,
 0.584615, 0.354631, 0.553191,
 0.600000, 0.408558, 0.553191,
 0.615385, 0.447831, 0.553191,
 0.630769, 0.425557, 0.553191,
 0.646154, 0.425557, 0.553191,
 0.661538, 0.529308, 0.553191,
 0.676923, 0.628957, 0.553191,
 0.692308, 0.633646, 0.553191,
 0.707692, 0.620750, 0.553191,
 0.723077, 0.605510, 0.553191,
 0.738462, 0.562720, 0.553191,
 0.753846, 0.525791, 0.553191,
 0.769231, 0.541618, 0.553191,
 0.784615, 0.575029, 0.553191,
 0.800000, 0.577374, 0.553191,
 0.815385, 0.556858, 0.553191,
 0.830769, 0.583822, 0.553191,
 0.846154, 0.625440, 0.553191,
 0.861538, 0.621923, 0.553191,
 0.876923, 0.628370, 0.553191,
 0.892308, 0.631887, 0.553191,
 0.907692, 0.641266, 0.553191,
 0.923077, 0.641266, 0.553191,
 0.938462, 0.572685, 0.553191,
 0.953846, 0.512309, 0.553191,
 0.969231, 0.475381, 0.553191,
 0.984615, 0.441383, 0.553191,
 1.000000, 0.369871, 0.553191,
 0.000000, 0.191676, 0.574468,
 0.015385, 0.191090, 0.574468,
 0.030769, 0.187573, 0.574468,
 0.046154, 0.178781, 0.574468,
 0.061538, 0.179953, 0.574468,
 0.076923, 0.161782, 0.574468,
 0.092308, 0.154162, 0.574468,
 0.107692, 0.165299, 0.574468,
 0.123077, 0.165299, 0.574468,
 0.138462, 0.162954, 0.574468,
 0.153846, 0.162954, 0.574468,
 0.169231, 0.161782, 0.574468,
 0.184615, 0.176436, 0.574468,
 0.200000, 0.185229, 0.574468,
 0.215385, 0.179953, 0.574468,
 0.230769, 0.196366, 0.574468,
 0.246154, 0.219226, 0.574468,
 0.261538, 0.233880, 0.574468,
 0.276923, 0.233880, 0.574468,
 0.292308, 0.229191, 0.574468,
 0.307692, 0.234467, 0.574468,
 0.323077, 0.252052, 0.574468,
 0.338462, 0.266120, 0.574468,
 0.353846, 0.263775, 0.574468,
 0.369231, 0.264947, 0.574468,
 0.384615, 0.257913, 0.574468,
 0.400000, 0.250293, 0.574468,
 0.415385, 0.250293, 0.574468,
 0.430769, 0.254396, 0.574468,
 0.446154, 0.266706, 0.574468,
 0.461538, 0.297773, 0.574468,
 0.476923, 0.313599, 0.574468,
 0.492308, 0.314771, 0.574468,
 0.507692, 0.340563, 0.574468,
 0.523077, 0.357562, 0.574468,
 0.538462, 0.355217, 0.574468,
 0.553846, 0.347597, 0.574468,
 0.569231, 0.352872, 0.574468,
 0.584615, 0.402110, 0.574468,
 0.600000, 0.446073, 0.574468,
 0.615385, 0.443728, 0.574468,
 0.630769, 0.396835, 0.574468,
 0.646154, 0.402110, 0.574468,
 0.661538, 0.481243, 0.574468,
 0.676923, 0.531067, 0.574468,
 0.692308, 0.570340, 0.574468,
 0.707692, 0.588511, 0.574468,
 0.723077, 0.580891, 0.574468,
 0.738462, 0.556272, 0.574468,
 0.753846, 0.516999, 0.574468,
 0.769231, 0.516999, 0.574468,
 0.784615, 0.540445, 0.574468,
 0.800000, 0.560375, 0.574468,
 0.815385, 0.578546, 0.574468,
 0.830769, 0.601993, 0.574468,
 0.846154, 0.621336, 0.574468,
 0.861538, 0.652403, 0.574468,
 0.876923, 0.644783, 0.574468,
 0.892308, 0.615475, 0.574468,
 0.907692, 0.625440, 0.574468,
 0.923077, 0.627198, 0.574468,
 0.938462, 0.590270, 0.574468,
 0.953846, 0.546893, 0.574468,
 0.969231, 0.494725, 0.574468,
 0.984615, 0.400938, 0.574468,
 1.000000, 0.327081, 0.574468,
 0.000000, 0.226260, 0.595745,
 0.015385, 0.217468, 0.595745,
 0.030769, 0.189918, 0.595745,
 0.046154, 0.180539, 0.595745,
 0.061538, 0.188746, 0.595745,
 0.076923, 0.169988, 0.595745,
 0.092308, 0.171747, 0.595745,
 0.107692, 0.199883, 0.595745,
 0.123077, 0.197538, 0.595745,
 0.138462, 0.177608, 0.595745,
 0.153846, 0.177608, 0.595745,
 0.169231, 0.170574, 0.595745,
 0.184615, 0.161782, 0.595745,
 0.200000, 0.169988, 0.595745,
 0.215385, 0.186401, 0.595745,
 0.230769, 0.194607, 0.595745,
 0.246154, 0.186401, 0.595745,
 0.261538, 0.181712, 0.595745,
 0.276923, 0.185815, 0.595745,
 0.292308, 0.211020, 0.595745,
 0.307692, 0.250293, 0.595745,
 0.323077, 0.264947, 0.595745,
 0.338462, 0.246776, 0.595745,
 0.353846, 0.230950, 0.595745,
 0.369231, 0.240914, 0.595745,
 0.384615, 0.250293, 0.595745,
 0.400000, 0.251465, 0.595745,
 0.415385, 0.253224, 0.595745,
 0.430769, 0.286049, 0.595745,
 0.446154, 0.317116, 0.595745,
 0.461538, 0.319461, 0.595745,
 0.476923, 0.321805, 0.595745,
 0.492308, 0.330598, 0.595745,
 0.507692, 0.348183, 0.595745,
 0.523077, 0.355217, 0.595745,
 0.538462, 0.337632, 0.595745,
 0.553846, 0.339390, 0.595745,
 0.569231, 0.381008, 0.595745,
 0.584615, 0.396835, 0.595745,
 0.600000, 0.372802, 0.595745,
 0.615385, 0.364596, 0.595745,
 0.630769, 0.378664, 0.595745,
 0.646154, 0.417937, 0.595745,
 0.661538, 0.478898, 0.595745,
 0.676923, 0.565064, 0.595745,
 0.692308, 0.618992, 0.595745,
 0.707692, 0.573271, 0.595745,
 0.723077, 0.515826, 0.595745,
 0.738462, 0.508206, 0.595745,
 0.753846, 0.508206, 0.595745,
 0.769231, 0.509965, 0.595745,
 0.784615, 0.567409, 0.595745,
 0.800000, 0.599062, 0.595745,
 0.815385, 0.559789, 0.595745,
 0.830769, 0.559789, 0.595745,
 0.846154, 0.583236, 0.595745,
 0.861538, 0.586166, 0.595745,
 0.876923, 0.591442, 0.595745,
 0.892308, 0.607268, 0.595745,
 0.907692, 0.623095, 0.595745,
 0.923077, 0.641266, 0.595745,
 0.938462, 0.657679, 0.595745,
 0.953846, 0.621336, 0.595745,
 0.969231, 0.514654, 0.595745,
 0.984615, 0.393318, 0.595745,
 1.000000, 0.303634, 0.595745,
 0.000000, 0.250293, 0.617021,
 0.015385, 0.240914, 0.617021,
 0.030769, 0.208675, 0.617021,
 0.046154, 0.199883, 0.617021,
 0.061538, 0.196366, 0.617021,
 0.076923, 0.170574, 0.617021,
 0.092308, 0.188746, 0.617021,
 0.107692, 0.223329, 0.617021,
 0.123077, 0.205744, 0.617021,
 0.138462, 0.170574, 0.617021,
 0.153846, 0.170574, 0.617021,
 0.169231, 0.176436, 0.617021,
 0.184615, 0.167644, 0.617021,
 0.200000, 0.168816, 0.617021,
 0.215385, 0.177608, 0.617021,
 0.230769, 0.178781, 0.617021,
 0.246154, 0.181712, 0.617021,
 0.261538, 0.209848, 0.617021,
 0.276923, 0.240328, 0.617021,
 0.292308, 0.246190, 0.617021,
 0.307692, 0.246190, 0.617021,
 0.323077, 0.237984, 0.617021,
 0.338462, 0.222157, 0.617021,
 0.353846, 0.223329, 0.617021,
 0.369231, 0.240914, 0.617021,
 0.384615, 0.251465, 0.617021,
 0.400000, 0.260258, 0.617021,
 0.415385, 0.277843, 0.617021,
 0.430769, 0.287808, 0.617021,
 0.446154, 0.287808, 0.617021,
 0.461538, 0.304807, 0.617021,
 0.476923, 0.321805, 0.617021,
 0.492308, 0.329426, 0.617021,
 0.507692, 0.347597, 0.617021,
 0.523077, 0.339390, 0.617021,
 0.538462, 0.321805, 0.617021,
 0.553846, 0.337632, 0.617021,
 0.569231, 0.355217, 0.617021,
 0.584615, 0.357562, 0.617021,
 0.600000, 0.362837, 0.617021,
 0.615385, 0.423798, 0.617021,
 0.630769, 0.531653, 0.617021,
 0.646154, 0.541032, 0.617021,
 0.661538, 0.532825, 0.617021,
 0.676923, 0.586753, 0.617021,
 0.692308, 0.576788, 0.617021,
 0.707692, 0.528722, 0.617021,
 0.723077, 0.505275, 0.617021,
 0.738462, 0.500000, 0.617021,
 0.753846, 0.500000, 0.617021,
 0.769231, 0.516999, 0.617021,
 0.784615, 0.531653, 0.617021,
 0.800000, 0.530481, 0.617021,
 0.815385, 0.533998, 0.617021,
 0.830769, 0.535756, 0.617021,
 0.846154, 0.535756, 0.617021,
 0.861538, 0.559789, 0.617021,
 0.876923, 0.599062, 0.617021,
 0.892308, 0.599062, 0.617021,
 0.907692, 0.604338, 0.617021,
 0.923077, 0.625440, 0.617021,
 0.938462, 0.636577, 0.617021,
 0.953846, 0.591442, 0.617021,
 0.969231, 0.493552, 0.617021,
 0.984615, 0.401524, 0.617021,
 1.000000, 0.315358, 0.617021,
 0.000000, 0.251465, 0.638298,
 0.015385, 0.243259, 0.638298,
 0.030769, 0.234467, 0.638298,
 0.046154, 0.222157, 0.638298,
 0.061538, 0.195780, 0.638298,
 0.076923, 0.180539, 0.638298,
 0.092308, 0.198710, 0.638298,
 0.107692, 0.222157, 0.638298,
 0.123077, 0.204572, 0.638298,
 0.138462, 0.178781, 0.638298,
 0.153846, 0.177608, 0.638298,
 0.169231, 0.161782, 0.638298,
 0.184615, 0.154748, 0.638298,
 0.200000, 0.161782, 0.638298,
 0.215385, 0.168816, 0.638298,
 0.230769, 0.177608, 0.638298,
 0.246154, 0.204572, 0.638298,
 0.261538, 0.237984, 0.638298,
 0.276923, 0.229191, 0.638298,
 0.292308, 0.211020, 0.638298,
 0.307692, 0.212192, 0.638298,
 0.323077, 0.214537, 0.638298,
 0.338462, 0.216295, 0.638298,
 0.353846, 0.227433, 0.638298,
 0.369231, 0.244431, 0.638298,
 0.384615, 0.260258, 0.638298,
 0.400000, 0.270223, 0.638298,
 0.415385, 0.287808, 0.638298,
 0.430769, 0.303634, 0.638298,
 0.446154, 0.303634, 0.638298,
 0.461538, 0.311841, 0.638298,
 0.476923, 0.320633, 0.638298,
 0.492308, 0.322392, 0.638298,
 0.507692, 0.338218, 0.638298,
 0.523077, 0.337632, 0.638298,
 0.538462, 0.321805, 0.638298,
 0.553846, 0.322392, 0.638298,
 0.569231, 0.343494, 0.638298,
 0.584615, 0.371043, 0.638298,
 0.600000, 0.414420, 0.638298,
 0.615385, 0.459555, 0.638298,
 0.630769, 0.502345, 0.638298,
 0.646154, 0.575615, 0.638298,
 0.661538, 0.635991, 0.638298,
 0.676923, 0.631301, 0.638298,
 0.692308, 0.611958, 0.638298,
 0.707692, 0.601407, 0.638298,
 0.723077, 0.541032, 0.638298,
 0.738462, 0.501172, 0.638298,
 0.753846, 0.509379, 0.638298,
 0.769231, 0.514654, 0.638298,
 0.784615, 0.501172, 0.638298,
 0.800000, 0.496483, 0.638298,
 0.815385, 0.519930, 0.638298,
 0.830769, 0.541032, 0.638298,
 0.846154, 0.546307, 0.638298,
 0.861538, 0.546307, 0.638298,
 0.876923, 0.546307, 0.638298,
 0.892308, 0.546307, 0.638298,
 0.907692, 0.586166, 0.638298,
 0.923077, 0.625440, 0.638298,
 0.938462, 0.648886, 0.638298,
 0.953846, 0.601993, 0.638298,
 0.969231, 0.507034, 0.638298,
 0.984615, 0.464244, 0.638298,
 1.000000, 0.407386, 0.638298,
 0.000000, 0.260258, 0.659574,
 0.015385, 0.260258, 0.659574,
 0.030769, 0.250293, 0.659574,
 0.046154, 0.216295, 0.659574,
 0.061538, 0.192849, 0.659574,
 0.076923, 0.200469, 0.659574,
 0.092308, 0.215709, 0.659574,
 0.107692, 0.214537, 0.659574,
 0.123077, 0.196366, 0.659574,
 0.138462, 0.178781, 0.659574,
 0.153846, 0.170574, 0.659574,
 0.169231, 0.171747, 0.659574,
 0.184615, 0.179953, 0.659574,
 0.200000, 0.169988, 0.659574,
 0.215385, 0.160610, 0.659574,
 0.230769, 0.169988, 0.659574,
 0.246154, 0.195780, 0.659574,
 0.261538, 0.211020, 0.659574,
 0.276923, 0.202227, 0.659574,
 0.292308, 0.188746, 0.659574,
 0.307692, 0.198710, 0.659574,
 0.323077, 0.216295, 0.659574,
 0.338462, 0.234467, 0.659574,
 0.353846, 0.259086, 0.659574,
 0.369231, 0.270223, 0.659574,
 0.384615, 0.270223, 0.659574,
 0.400000, 0.286049, 0.659574,
 0.415385, 0.302462, 0.659574,
 0.430769, 0.302462, 0.659574,
 0.446154, 0.303634, 0.659574,
 0.461538, 0.303634, 0.659574,
 0.476923, 0.312427, 0.659574,
 0.492308, 0.329426, 0.659574,
 0.507692, 0.329426, 0.659574,
 0.523077, 0.321805, 0.659574,
 0.538462, 0.322392, 0.659574,
 0.553846, 0.334701, 0.659574,
 0.569231, 0.382181, 0.659574,
 0.584615, 0.472450, 0.659574,
 0.600000, 0.504103, 0.659574,
 0.615385, 0.491208, 0.659574,
 0.630769, 0.518171, 0.659574,
 0.646154, 0.531067, 0.659574,
 0.661538, 0.565064, 0.659574,
 0.676923, 0.589683, 0.659574,
 0.692308, 0.567409, 0.659574,
 0.707692, 0.545721, 0.659574,
 0.723077, 0.507034, 0.659574,
 0.738462, 0.502931, 0.659574,
 0.753846, 0.566237, 0.659574,
 0.769231, 0.545721, 0.659574,
 0.784615, 0.509379, 0.659574,
 0.800000, 0.539859, 0.659574,
 0.815385, 0.543376, 0.659574,
 0.830769, 0.580891, 0.659574,
 0.846154, 0.618992, 0.659574,
 0.861538, 0.622509, 0.659574,
 0.876923, 0.628370, 0.659574,
 0.892308, 0.631301, 0.659574,
 0.907692, 0.628370, 0.659574,
 0.923077, 0.625440, 0.659574,
 0.938462, 0.625440, 0.659574,
 0.953846, 0.561547, 0.659574,
 0.969231, 0.490035, 0.659574,
 0.984615, 0.464244, 0.659574,
 1.000000, 0.444314, 0.659574,
 0.000000, 0.266706, 0.680851,
 0.015385, 0.264947, 0.680851,
 0.030769, 0.247948, 0.680851,
 0.046154, 0.233294, 0.680851,
 0.061538, 0.235053, 0.680851,
 0.076923, 0.234467, 0.680851,
 0.092308, 0.223329, 0.680851,
 0.107692, 0.212192, 0.680851,
 0.123077, 0.196366, 0.680851,
 0.138462, 0.181712, 0.680851,
 0.153846, 0.179953, 0.680851,
 0.169231, 0.186401, 0.680851,
 0.184615, 0.185815, 0.680851,
 0.200000, 0.168816, 0.680851,
 0.215385, 0.160610, 0.680851,
 0.230769, 0.170574, 0.680851,
 0.246154, 0.187573, 0.680851,
 0.261538, 0.186401, 0.680851,
 0.276923, 0.179953, 0.680851,
 0.292308, 0.198710, 0.680851,
 0.307692, 0.215709, 0.680851,
 0.323077, 0.230950, 0.680851,
 0.338462, 0.250293, 0.680851,
 0.353846, 0.259086, 0.680851,
 0.369231, 0.283705, 0.680851,
 0.384615, 0.284877, 0.680851,
 0.400000, 0.284877, 0.680851,
 0.415385, 0.292497, 0.680851,
 0.430769, 0.293669, 0.680851,
 0.446154, 0.303634, 0.680851,
 0.461538, 0.302462, 0.680851,
 0.476923, 0.310668, 0.680851,
 0.492308, 0.320633, 0.680851,
 0.507692, 0.321805, 0.680851,
 0.523077, 0.321805, 0.680851,
 0.538462, 0.330598, 0.680851,
 0.553846, 0.365182, 0.680851,
 0.569231, 0.432591, 0.680851,
 0.584615, 0.463658, 0.680851,
 0.600000, 0.470692, 0.680851,
 0.615385, 0.495311, 0.680851,
 0.630769, 0.519343, 0.680851,
 0.646154, 0.490035, 0.680851,
 0.661538, 0.444314, 0.680851,
 0.676923, 0.452521, 0.680851,
 0.692308, 0.463658, 0.680851,
 0.707692, 0.482415, 0.680851,
 0.723077, 0.490035, 0.680851,
 0.738462, 0.461899, 0.680851,
 0.753846, 0.461899, 0.680851,
 0.769231, 0.484174, 0.680851,
 0.784615, 0.511137, 0.680851,
 0.800000, 0.571512, 0.680851,
 0.815385, 0.600821, 0.680851,
 0.830769, 0.580891, 0.680851,
 0.846154, 0.570926, 0.680851,
 0.861538, 0.594373, 0.680851,
 0.876923, 0.641852, 0.680851,
 0.892308, 0.672919, 0.680851,
 0.907692, 0.651231, 0.680851,
 0.923077, 0.624267, 0.680851,
 0.938462, 0.624267, 0.680851,
 0.953846, 0.567409, 0.680851,
 0.969231, 0.498828, 0.680851,
 0.984615, 0.467761, 0.680851,
 1.000000, 0.429074, 0.680851,
 0.000000, 0.257913, 0.702128,
 0.015385, 0.240914, 0.702128,
 0.030769, 0.233294, 0.702128,
 0.046154, 0.243259, 0.702128,
 0.061538, 0.260258, 0.702128,
 0.076923, 0.250293, 0.702128,
 0.092308, 0.223329, 0.702128,
 0.107692, 0.199297, 0.702128,
 0.123077, 0.200469, 0.702128,
 0.138462, 0.208675, 0.702128,
 0.153846, 0.189918, 0.702128,
 0.169231, 0.177608, 0.702128,
 0.184615, 0.168816, 0.702128,
 0.200000, 0.161782, 0.702128,
 0.215385, 0.162954, 0.702128,
 0.230769, 0.177608, 0.702128,
 0.246154, 0.185815, 0.702128,
 0.261538, 0.178781, 0.702128,
 0.276923, 0.187573, 0.702128,
 0.292308, 0.214537, 0.702128,
 0.307692, 0.223329, 0.702128,
 0.323077, 0.223329, 0.702128,
 0.338462, 0.250293, 0.702128,
 0.353846, 0.260258, 0.702128,
 0.369231, 0.267878, 0.702128,
 0.384615, 0.276084, 0.702128,
 0.400000, 0.276084, 0.702128,
 0.415385, 0.276084, 0.702128,
 0.430769, 0.283705, 0.702128,
 0.446154, 0.300703, 0.702128,
 0.461538, 0.292497, 0.702128,
 0.476923, 0.292497, 0.702128,
 0.492308, 0.310668, 0.702128,
 0.507692, 0.320633, 0.702128,
 0.523077, 0.322392, 0.702128,
 0.538462, 0.332356, 0.702128,
 0.553846, 0.356389, 0.702128,
 0.569231, 0.393318, 0.702128,
 0.584615, 0.458382, 0.702128,
 0.600000, 0.519343, 0.702128,
 0.615385, 0.525205, 0.702128,
 0.630769, 0.521688, 0.702128,
 0.646154, 0.479484, 0.702128,
 0.661538, 0.429074, 0.702128,
 0.676923, 0.433763, 0.702128,
 0.692308, 0.461899, 0.702128,
 0.707692, 0.483587, 0.702128,
 0.723077, 0.482415, 0.702128,
 0.738462, 0.505862, 0.702128,
 0.753846, 0.505862, 0.702128,
 0.769231, 0.500000, 0.702128,
 0.784615, 0.528136, 0.702128,
 0.800000, 0.573857, 0.702128,
 0.815385, 0.612544, 0.702128,
 0.830769, 0.572685, 0.702128,
 0.846154, 0.556858, 0.702128,
 0.861538, 0.556858, 0.702128,
 0.876923, 0.559789, 0.702128,
 0.892308, 0.622509, 0.702128,
 0.907692, 0.638335, 0.702128,
 0.923077, 0.620750, 0.702128,
 0.938462, 0.627784, 0.702128,
 0.953846, 0.675264, 0.702128,
 0.969231, 0.630129, 0.702128,
 0.984615, 0.491208, 0.702128,
 1.000000, 0.423798, 0.702128,
 0.000000, 0.250879, 0.723404,
 0.015385, 0.242087, 0.723404,
 0.030769, 0.243259, 0.723404,
 0.046154, 0.262016, 0.723404,
 0.061538, 0.270223, 0.723404,
 0.076923, 0.250879, 0.723404,
 0.092308, 0.225088, 0.723404,
 0.107692, 0.226260, 0.723404,
 0.123077, 0.236225, 0.723404,
 0.138462, 0.233294, 0.723404,
 0.153846, 0.204572, 0.723404,
 0.169231, 0.169988, 0.723404,
 0.184615, 0.161782, 0.723404,
 0.200000, 0.171747, 0.723404,
 0.215385, 0.180539, 0.723404,
 0.230769, 0.170574, 0.723404,
 0.246154, 0.168816, 0.723404,
 0.261538, 0.176436, 0.723404,
 0.276923, 0.185815, 0.723404,
 0.292308, 0.213365, 0.723404,
 0.307692, 0.226260, 0.723404,
 0.323077, 0.229191, 0.723404,
 0.338462, 0.254982, 0.723404,
 0.353846, 0.269050, 0.723404,
 0.369231, 0.266706, 0.723404,
 0.384615, 0.267878, 0.723404,
 0.400000, 0.266706, 0.723404,
 0.415385, 0.266706, 0.723404,
 0.430769, 0.266706, 0.723404,
 0.446154, 0.274912, 0.723404,
 0.461538, 0.276084, 0.723404,
 0.476923, 0.276671, 0.723404,
 0.492308, 0.294842, 0.723404,
 0.507692, 0.312427, 0.723404,
 0.523077, 0.330598, 0.723404,
 0.538462, 0.347597, 0.723404,
 0.553846, 0.348183, 0.723404,
 0.569231, 0.389215, 0.723404,
 0.584615, 0.475381, 0.723404,
 0.600000, 0.525205, 0.723404,
 0.615385, 0.504103, 0.723404,
 0.630769, 0.475381, 0.723404,
 0.646154, 0.455451, 0.723404,
 0.661538, 0.436694, 0.723404,
 0.676923, 0.483587, 0.723404,
 0.692308, 0.518171, 0.723404,
 0.707692, 0.497655, 0.723404,
 0.723077, 0.481243, 0.723404,
 0.738462, 0.478312, 0.723404,
 0.753846, 0.478312, 0.723404,
 0.769231, 0.494138, 0.723404,
 0.784615, 0.528136, 0.723404,
 0.800000, 0.583236, 0.723404,
 0.815385, 0.578546, 0.723404,
 0.830769, 0.507034, 0.723404,
 0.846154, 0.502345, 0.723404,
 0.861538, 0.509965, 0.723404,
 0.876923, 0.543962, 0.723404,
 0.892308, 0.596717, 0.723404,
 0.907692, 0.590270, 0.723404,
 0.923077, 0.648300, 0.723404,
 0.938462, 0.709848, 0.723404,
 0.953846, 0.714537, 0.723404,
 0.969231, 0.669988, 0.723404,
 0.984615, 0.491208, 0.723404,
 1.000000, 0.386284, 0.723404,
 0.000000, 0.260258, 0.744681,
 0.015385, 0.250293, 0.744681,
 0.030769, 0.257913, 0.744681,
 0.046154, 0.283118, 0.744681,
 0.061538, 0.283118, 0.744681,
 0.076923, 0.257913, 0.744681,
 0.092308, 0.242087, 0.744681,
 0.107692, 0.250879, 0.744681,
 0.123077, 0.266120, 0.744681,
 0.138462, 0.239156, 0.744681,
 0.153846, 0.196366, 0.744681,
 0.169231, 0.169988, 0.744681,
 0.184615, 0.169988, 0.744681,
 0.200000, 0.187573, 0.744681,
 0.215385, 0.196366, 0.744681,
 0.230769, 0.180539, 0.744681,
 0.246154, 0.164713, 0.744681,
 0.261538, 0.163540, 0.744681,
 0.276923, 0.169988, 0.744681,
 0.292308, 0.203400, 0.744681,
 0.307692, 0.246190, 0.744681,
 0.323077, 0.273740, 0.744681,
 0.338462, 0.293083, 0.744681,
 0.353846, 0.273154, 0.744681,
 0.369231, 0.252052, 0.744681,
 0.384615, 0.262016, 0.744681,
 0.400000, 0.259086, 0.744681,
 0.415385, 0.260258, 0.744681,
 0.430769, 0.259086, 0.744681,
 0.446154, 0.260258, 0.744681,
 0.461538, 0.270223, 0.744681,
 0.476923, 0.276671, 0.744681,
 0.492308, 0.293669, 0.744681,
 0.507692, 0.312427, 0.744681,
 0.523077, 0.330598, 0.744681,
 0.538462, 0.339390, 0.744681,
 0.553846, 0.346424, 0.744681,
 0.569231, 0.357562, 0.744681,
 0.584615, 0.415006, 0.744681,
 0.600000, 0.492380, 0.744681,
 0.615385, 0.456624, 0.744681,
 0.630769, 0.432005, 0.744681,
 0.646154, 0.474795, 0.744681,
 0.661538, 0.514068, 0.744681,
 0.676923, 0.567995, 0.744681,
 0.692308, 0.586753, 0.744681,
 0.707692, 0.542790, 0.744681,
 0.723077, 0.474209, 0.744681,
 0.738462, 0.448417, 0.744681,
 0.753846, 0.447831, 0.744681,
 0.769231, 0.444900, 0.744681,
 0.784615, 0.461313, 0.744681,
 0.800000, 0.531067, 0.744681,
 0.815385, 0.558617, 0.744681,
 0.830769, 0.490035, 0.744681,
 0.846154, 0.447831, 0.744681,
 0.861538, 0.516413, 0.744681,
 0.876923, 0.602579, 0.744681,
 0.892308, 0.578546, 0.744681,
 0.907692, 0.528136, 0.744681,
 0.923077, 0.612544, 0.744681,
 0.938462, 0.664713, 0.744681,
 0.953846, 0.704572, 0.744681,
 0.969231, 0.660023, 0.744681,
 0.984615, 0.493552, 0.744681,
 1.000000, 0.409144, 0.744681,
 0.000000, 0.266120, 0.765957,
 0.015385, 0.250879, 0.765957,
 0.030769, 0.252052, 0.765957,
 0.046154, 0.259086, 0.765957,
 0.061538, 0.257913, 0.765957,
 0.076923, 0.250293, 0.765957,
 0.092308, 0.250293, 0.765957,
 0.107692, 0.259086, 0.765957,
 0.123077, 0.252052, 0.765957,
 0.138462, 0.226260, 0.765957,
 0.153846, 0.197538, 0.765957,
 0.169231, 0.169988, 0.765957,
 0.184615, 0.170574, 0.765957,
 0.200000, 0.192849, 0.765957,
 0.215385, 0.202227, 0.765957,
 0.230769, 0.199297, 0.765957,
 0.246154, 0.197538, 0.765957,
 0.261538, 0.186401, 0.765957,
 0.276923, 0.168816, 0.765957,
 0.292308, 0.184642, 0.765957,
 0.307692, 0.209261, 0.765957,
 0.323077, 0.242087, 0.765957,
 0.338462, 0.266120, 0.765957,
 0.353846, 0.234467, 0.765957,
 0.369231, 0.194607, 0.765957,
 0.384615, 0.210434, 0.765957,
 0.400000, 0.250293, 0.765957,
 0.415385, 0.260258, 0.765957,
 0.430769, 0.256155, 0.765957,
 0.446154, 0.267878, 0.765957,
 0.461538, 0.288980, 0.765957,
 0.476923, 0.283118, 0.765957,
 0.492308, 0.289566, 0.765957,
 0.507692, 0.313599, 0.765957,
 0.523077, 0.331770, 0.765957,
 0.538462, 0.340563, 0.765957,
 0.553846, 0.331770, 0.765957,
 0.569231, 0.356389, 0.765957,
 0.584615, 0.376905, 0.765957,
 0.600000, 0.366354, 0.765957,
 0.615385, 0.403869, 0.765957,
 0.630769, 0.526964, 0.765957,
 0.646154, 0.615475, 0.765957,
 0.661538, 0.619578, 0.765957,
 0.676923, 0.604338, 0.765957,
 0.692308, 0.560961, 0.765957,
 0.707692, 0.531067, 0.765957,
 0.723077, 0.488277, 0.765957,
 0.738462, 0.463658, 0.765957,
 0.753846, 0.453693, 0.765957,
 0.769231, 0.426729, 0.765957,
 0.784615, 0.433763, 0.765957,
 0.800000, 0.485346, 0.765957,
 0.815385, 0.519343, 0.765957,
 0.830769, 0.478312, 0.765957,
 0.846154, 0.455451, 0.765957,
 0.861538, 0.500000, 0.765957,
 0.876923, 0.559789, 0.765957,
 0.892308, 0.558617, 0.765957,
 0.907692, 0.535170, 0.765957,
 0.923077, 0.575615, 0.765957,
 0.938462, 0.615475, 0.765957,
 0.953846, 0.620164, 0.765957,
 0.969231, 0.579719, 0.765957,
 0.984615, 0.509379, 0.765957,
 1.000000, 0.465416, 0.765957,
 0.000000, 0.252052, 0.787234,
 0.015385, 0.259086, 0.787234,
 0.030769, 0.266120, 0.787234,
 0.046154, 0.257913, 0.787234,
 0.061538, 0.250293, 0.787234,
 0.076923, 0.250293, 0.787234,
 0.092308, 0.250879, 0.787234,
 0.107692, 0.259086, 0.787234,
 0.123077, 0.263775, 0.787234,
 0.138462, 0.245018, 0.787234,
 0.153846, 0.202227, 0.787234,
 0.169231, 0.169988, 0.787234,
 0.184615, 0.180539, 0.787234,
 0.200000, 0.232122, 0.787234,
 0.215385, 0.249121, 0.787234,
 0.230769, 0.224502, 0.787234,
 0.246154, 0.205744, 0.787234,
 0.261538, 0.177608, 0.787234,
 0.276923, 0.160610, 0.787234,
 0.292308, 0.161782, 0.787234,
 0.307692, 0.169988, 0.787234,
 0.323077, 0.176436, 0.787234,
 0.338462, 0.177608, 0.787234,
 0.353846, 0.181712, 0.787234,
 0.369231, 0.184642, 0.787234,
 0.384615, 0.186401, 0.787234,
 0.400000, 0.188746, 0.787234,
 0.415385, 0.205158, 0.787234,
 0.430769, 0.239156, 0.787234,
 0.446154, 0.271981, 0.787234,
 0.461538, 0.314771, 0.787234,
 0.476923, 0.333529, 0.787234,
 0.492308, 0.325322, 0.787234,
 0.507692, 0.325322, 0.787234,
 0.523077, 0.341149, 0.787234,
 0.538462, 0.354045, 0.787234,
 0.553846, 0.351114, 0.787234,
 0.569231, 0.359320, 0.787234,
 0.584615, 0.400938, 0.787234,
 0.600000, 0.445487, 0.787234,
 0.615385, 0.496483, 0.787234,
 0.630769, 0.529308, 0.787234,
 0.646154, 0.538101, 0.787234,
 0.661538, 0.571512, 0.787234,
 0.676923, 0.581477, 0.787234,
 0.692308, 0.549824, 0.787234,
 0.707692, 0.565651, 0.787234,
 0.723077, 0.538687, 0.787234,
 0.738462, 0.463658, 0.787234,
 0.753846, 0.442556, 0.787234,
 0.769231, 0.412075, 0.787234,
 0.784615, 0.399179, 0.787234,
 0.800000, 0.432005, 0.787234,
 0.815385, 0.449590, 0.787234,
 0.830769, 0.440797, 0.787234,
 0.846154, 0.451934, 0.787234,
 0.861538, 0.496483, 0.787234,
 0.876923, 0.532239, 0.787234,
 0.892308, 0.526964, 0.787234,
 0.907692, 0.528136, 0.787234,
 0.923077, 0.531067, 0.787234,
 0.938462, 0.529308, 0.787234,
 0.953846, 0.578546, 0.787234,
 0.969231, 0.568581, 0.787234,
 0.984615, 0.503517, 0.787234,
 1.000000, 0.469519, 0.787234,
 0.000000, 0.267878, 0.808511,
 0.015385, 0.260258, 0.808511,
 0.030769, 0.250879, 0.808511,
 0.046154, 0.250293, 0.808511,
 0.061538, 0.250293, 0.808511,
 0.076923, 0.250879, 0.808511,
 0.092308, 0.260844, 0.808511,
 0.107692, 0.260258, 0.808511,
 0.123077, 0.231536, 0.808511,
 0.138462, 0.203400, 0.808511,
 0.153846, 0.178781, 0.808511,
 0.169231, 0.172919, 0.808511,
 0.184615, 0.200469, 0.808511,
 0.200000, 0.235053, 0.808511,
 0.215385, 0.242087, 0.808511,
 0.230769, 0.231536, 0.808511,
 0.246154, 0.204572, 0.808511,
 0.261538, 0.169988, 0.808511,
 0.276923, 0.160610, 0.808511,
 0.292308, 0.169988, 0.808511,
 0.307692, 0.170574, 0.808511,
 0.323077, 0.163540, 0.808511,
 0.338462, 0.173505, 0.808511,
 0.353846, 0.210434, 0.808511,
 0.369231, 0.239156, 0.808511,
 0.384615, 0.256741, 0.808511,
 0.400000, 0.273154, 0.808511,
 0.415385, 0.281946, 0.808511,
 0.430769, 0.299531, 0.808511,
 0.446154, 0.307737, 0.808511,
 0.461538, 0.333529, 0.808511,
 0.476923, 0.362251, 0.808511,
 0.492308, 0.365182, 0.808511,
 0.507692, 0.366354, 0.808511,
 0.523077, 0.369285, 0.808511,
 0.538462, 0.410903, 0.808511,
 0.553846, 0.451348, 0.808511,
 0.569231, 0.454279, 0.808511,
 0.584615, 0.475381, 0.808511,
 0.600000, 0.515240, 0.808511,
 0.615385, 0.538687, 0.808511,
 0.630769, 0.546893, 0.808511,
 0.646154, 0.552169, 0.808511,
 0.661538, 0.569754, 0.808511,
 0.676923, 0.586753, 0.808511,
 0.692308, 0.585580, 0.808511,
 0.707692, 0.587925, 0.808511,
 0.723077, 0.564478, 0.808511,
 0.738462, 0.528136, 0.808511,
 0.753846, 0.481243, 0.808511,
 0.769231, 0.419109, 0.808511,
 0.784615, 0.373974, 0.808511,
 0.800000, 0.381008, 0.808511,
 0.815385, 0.396835, 0.808511,
 0.830769, 0.389215, 0.808511,
 0.846154, 0.419109, 0.808511,
 0.861538, 0.464244, 0.808511,
 0.876923, 0.495311, 0.808511,
 0.892308, 0.522860, 0.808511,
 0.907692, 0.535170, 0.808511,
 0.923077, 0.490621, 0.808511,
 0.938462, 0.470692, 0.808511,
 0.953846, 0.564478, 0.808511,
 0.969231, 0.551583, 0.808511,
 0.984615, 0.457796, 0.808511,
 1.000000, 0.438453, 0.808511,
 0.000000, 0.264361, 0.829787,
 0.015385, 0.267878, 0.829787,
 0.030769, 0.259086, 0.829787,
 0.046154, 0.250293, 0.829787,
 0.061538, 0.250879, 0.829787,
 0.076923, 0.264947, 0.829787,
 0.092308, 0.284877, 0.829787,
 0.107692, 0.271981, 0.829787,
 0.123077, 0.225088, 0.829787,
 0.138462, 0.190504, 0.829787,
 0.153846, 0.185229, 0.829787,
 0.169231, 0.204572, 0.829787,
 0.184615, 0.236225, 0.829787,
 0.200000, 0.260258, 0.829787,
 0.215385, 0.250293, 0.829787,
 0.230769, 0.223329, 0.829787,
 0.246154, 0.196366, 0.829787,
 0.261538, 0.170574, 0.829787,
 0.276923, 0.161782, 0.829787,
 0.292308, 0.169988, 0.829787,
 0.307692, 0.178781, 0.829787,
 0.323077, 0.186401, 0.829787,
 0.338462, 0.204572, 0.829787,
 0.353846, 0.249121, 0.829787,
 0.369231, 0.293669, 0.829787,
 0.384615, 0.313599, 0.829787,
 0.400000, 0.315358, 0.829787,
 0.415385, 0.322392, 0.829787,
 0.430769, 0.338218, 0.829787,
 0.446154, 0.340563, 0.829787,
 0.461538, 0.357562, 0.829787,
 0.476923, 0.402110, 0.829787,
 0.492308, 0.426143, 0.829787,
 0.507692, 0.434936, 0.829787,
 0.523077, 0.465416, 0.829787,
 0.538462, 0.484174, 0.829787,
 0.553846, 0.495311, 0.829787,
 0.569231, 0.518171, 0.829787,
 0.584615, 0.556858, 0.829787,
 0.600000, 0.559203, 0.829787,
 0.615385, 0.562720, 0.829787,
 0.630769, 0.561547, 0.829787,
 0.646154, 0.532825, 0.829787,
 0.661538, 0.549238, 0.829787,
 0.676923, 0.559203, 0.829787,
 0.692308, 0.552755, 0.829787,
 0.707692, 0.573857, 0.829787,
 0.723077, 0.582649, 0.829787,
 0.738462, 0.536928, 0.829787,
 0.753846, 0.474209, 0.829787,
 0.769231, 0.412075, 0.829787,
 0.784615, 0.366940, 0.829787,
 0.800000, 0.357562, 0.829787,
 0.815385, 0.357562, 0.829787,
 0.830769, 0.357562, 0.829787,
 0.846154, 0.409730, 0.829787,
 0.861538, 0.461899, 0.829787,
 0.876923, 0.453693, 0.829787,
 0.892308, 0.489449, 0.829787,
 0.907692, 0.521102, 0.829787,
 0.923077, 0.478312, 0.829787,
 0.938462, 0.449590, 0.829787,
 0.953846, 0.578546, 0.829787,
 0.969231, 0.609613, 0.829787,
 0.984615, 0.481243, 0.829787,
 1.000000, 0.442556, 0.829787,
 0.000000, 0.228605, 0.851064,
 0.015385, 0.264361, 0.851064,
 0.030769, 0.257327, 0.851064,
 0.046154, 0.252052, 0.851064,
 0.061538, 0.265533, 0.851064,
 0.076923, 0.317702, 0.851064,
 0.092308, 0.344666, 0.851064,
 0.107692, 0.298945, 0.851064,
 0.123077, 0.242087, 0.851064,
 0.138462, 0.218054, 0.851064,
 0.153846, 0.242087, 0.851064,
 0.169231, 0.267292, 0.851064,
 0.184615, 0.267878, 0.851064,
 0.200000, 0.267878, 0.851064,
 0.215385, 0.250293, 0.851064,
 0.230769, 0.223329, 0.851064,
 0.246154, 0.196366, 0.851064,
 0.261538, 0.178781, 0.851064,
 0.276923, 0.169988, 0.851064,
 0.292308, 0.168816, 0.851064,
 0.307692, 0.177022, 0.851064,
 0.323077, 0.177608, 0.851064,
 0.338462, 0.196366, 0.851064,
 0.353846, 0.240914, 0.851064,
 0.369231, 0.286049, 0.851064,
 0.384615, 0.320633, 0.851064,
 0.400000, 0.337632, 0.851064,
 0.415385, 0.330598, 0.851064,
 0.430769, 0.332356, 0.851064,
 0.446154, 0.349355, 0.851064,
 0.461538, 0.361079, 0.851064,
 0.476923, 0.405627, 0.851064,
 0.492308, 0.402110, 0.851064,
 0.507692, 0.410903, 0.851064,
 0.523077, 0.474209, 0.851064,
 0.538462, 0.502345, 0.851064,
 0.553846, 0.526377, 0.851064,
 0.569231, 0.513482, 0.851064,
 0.584615, 0.503517, 0.851064,
 0.600000, 0.521102, 0.851064,
 0.615385, 0.553927, 0.851064,
 0.630769, 0.548066, 0.851064,
 0.646154, 0.509965, 0.851064,
 0.661538, 0.509965, 0.851064,
 0.676923, 0.526377, 0.851064,
 0.692308, 0.542204, 0.851064,
 0.707692, 0.582649, 0.851064,
 0.723077, 0.595545, 0.851064,
 0.738462, 0.546893, 0.851064,
 0.753846, 0.483587, 0.851064,
 0.769231, 0.419109, 0.851064,
 0.784615, 0.373388, 0.851064,
 0.800000, 0.357562, 0.851064,
 0.815385, 0.357562, 0.851064,
 0.830769, 0.358148, 0.851064,
 0.846154, 0.400352, 0.851064,
 0.861538, 0.433177, 0.851064,
 0.876923, 0.435522, 0.851064,
 0.892308, 0.470692, 0.851064,
 0.907692, 0.467761, 0.851064,
 0.923077, 0.443728, 0.851064,
 0.938462, 0.470692, 0.851064,
 0.953846, 0.559789, 0.851064,
 0.969231, 0.625440, 0.851064,
 0.984615, 0.539273, 0.851064,
 1.000000, 0.405041, 0.851064,
 0.000000, 0.195780, 0.872340,
 0.015385, 0.231536, 0.872340,
 0.030769, 0.240914, 0.872340,
 0.046154, 0.271981, 0.872340,
 0.061538, 0.325322, 0.872340,
 0.076923, 0.354631, 0.872340,
 0.092308, 0.310668, 0.872340,
 0.107692, 0.262603, 0.872340,
 0.123077, 0.255569, 0.872340,
 0.138462, 0.253810, 0.872340,
 0.153846, 0.253224, 0.872340,
 0.169231, 0.260844, 0.872340,
 0.184615, 0.267878, 0.872340,
 0.200000, 0.266120, 0.872340,
 0.215385, 0.249121, 0.872340,
 0.230769, 0.225088, 0.872340,
 0.246154, 0.199297, 0.872340,
 0.261538, 0.179367, 0.872340,
 0.276923, 0.169988, 0.872340,
 0.292308, 0.161782, 0.872340,
 0.307692, 0.160610, 0.872340,
 0.323077, 0.169988, 0.872340,
 0.338462, 0.196366, 0.872340,
 0.353846, 0.240914, 0.872340,
 0.369231, 0.284877, 0.872340,
 0.384615, 0.310082, 0.872340,
 0.400000, 0.318875, 0.872340,
 0.415385, 0.330598, 0.872340,
 0.430769, 0.349355, 0.872340,
 0.446154, 0.358148, 0.872340,
 0.461538, 0.392145, 0.872340,
 0.476923, 0.434936, 0.872340,
 0.492308, 0.400938, 0.872340,
 0.507692, 0.409730, 0.872340,
 0.523077, 0.481243, 0.872340,
 0.538462, 0.516999, 0.872340,
 0.553846, 0.516413, 0.872340,
 0.569231, 0.471278, 0.872340,
 0.584615, 0.453693, 0.872340,
 0.600000, 0.470692, 0.872340,
 0.615385, 0.480657, 0.872340,
 0.630769, 0.500000, 0.872340,
 0.646154, 0.518171, 0.872340,
 0.661538, 0.518171, 0.872340,
 0.676923, 0.519343, 0.872340,
 0.692308, 0.519343, 0.872340,
 0.707692, 0.531653, 0.872340,
 0.723077, 0.573857, 0.872340,
 0.738462, 0.559789, 0.872340,
 0.753846, 0.489449, 0.872340,
 0.769231, 0.409144, 0.872340,
 0.784615, 0.357562, 0.872340,
 0.800000, 0.357562, 0.872340,
 0.815385, 0.357562, 0.872340,
 0.830769, 0.366354, 0.872340,
 0.846154, 0.382181, 0.872340,
 0.861538, 0.390973, 0.872340,
 0.876923, 0.419695, 0.872340,
 0.892308, 0.441970, 0.872340,
 0.907692, 0.413247, 0.872340,
 0.923077, 0.417937, 0.872340,
 0.938462, 0.449590, 0.872340,
 0.953846, 0.538687, 0.872340,
 0.969231, 0.616061, 0.872340,
 0.984615, 0.486518, 0.872340,
 1.000000, 0.362251, 0.872340,
 0.000000, 0.187573, 0.893617,
 0.015385, 0.221571, 0.893617,
 0.030769, 0.240328, 0.893617,
 0.046154, 0.304807, 0.893617,
 0.061538, 0.354631, 0.893617,
 0.076923, 0.327667, 0.893617,
 0.092308, 0.303048, 0.893617,
 0.107692, 0.307737, 0.893617,
 0.123077, 0.310082, 0.893617,
 0.138462, 0.292497, 0.893617,
 0.153846, 0.285463, 0.893617,
 0.169231, 0.284291, 0.893617,
 0.184615, 0.273740, 0.893617,
 0.200000, 0.253810, 0.893617,
 0.215385, 0.243845, 0.893617,
 0.230769, 0.240914, 0.893617,
 0.246154, 0.220399, 0.893617,
 0.261538, 0.186401, 0.893617,
 0.276923, 0.170574, 0.893617,
 0.292308, 0.170574, 0.893617,
 0.307692, 0.161782, 0.893617,
 0.323077, 0.168816, 0.893617,
 0.338462, 0.194607, 0.893617,
 0.353846, 0.236225, 0.893617,
 0.369231, 0.271395, 0.893617,
 0.384615, 0.283118, 0.893617,
 0.400000, 0.294842, 0.893617,
 0.415385, 0.330598, 0.893617,
 0.430769, 0.356389, 0.893617,
 0.446154, 0.365182, 0.893617,
 0.461538, 0.385111, 0.893617,
 0.476923, 0.412661, 0.893617,
 0.492308, 0.398007, 0.893617,
 0.507692, 0.407386, 0.893617,
 0.523077, 0.472450, 0.893617,
 0.538462, 0.503517, 0.893617,
 0.553846, 0.494725, 0.893617,
 0.569231, 0.457210, 0.893617,
 0.584615, 0.444314, 0.893617,
 0.600000, 0.454279, 0.893617,
 0.615385, 0.471864, 0.893617,
 0.630769, 0.504103, 0.893617,
 0.646154, 0.521688, 0.893617,
 0.661538, 0.521102, 0.893617,
 0.676923, 0.525205, 0.893617,
 0.692308, 0.526377, 0.893617,
 0.707692, 0.567995, 0.893617,
 0.723077, 0.582063, 0.893617,
 0.738462, 0.531067, 0.893617,
 0.753846, 0.472450, 0.893617,
 0.769231, 0.393904, 0.893617,
 0.784615, 0.357562, 0.893617,
 0.800000, 0.356389, 0.893617,
 0.815385, 0.355217, 0.893617,
 0.830769, 0.364596, 0.893617,
 0.846154, 0.365182, 0.893617,
 0.861538, 0.373974, 0.893617,
 0.876923, 0.416764, 0.893617,
 0.892308, 0.402110, 0.893617,
 0.907692, 0.359320, 0.893617,
 0.923077, 0.402110, 0.893617,
 0.938462, 0.475381, 0.893617,
 0.953846, 0.564478, 0.893617,
 0.969231, 0.535756, 0.893617,
 0.984615, 0.441970, 0.893617,
 1.000000, 0.399179, 0.893617,
 0.000000, 0.184642, 0.914894,
 0.015385, 0.202814, 0.914894,
 0.030769, 0.232122, 0.914894,
 0.046154, 0.311841, 0.914894,
 0.061538, 0.329426, 0.914894,
 0.076923, 0.306565, 0.914894,
 0.092308, 0.378077, 0.914894,
 0.107692, 0.419109, 0.914894,
 0.123077, 0.366940, 0.914894,
 0.138462, 0.350528, 0.914894,
 0.153846, 0.356389, 0.914894,
 0.169231, 0.350528, 0.914894,
 0.184615, 0.324150, 0.914894,
 0.200000, 0.286049, 0.914894,
 0.215385, 0.267292, 0.914894,
 0.230769, 0.240914, 0.914894,
 0.246154, 0.198124, 0.914894,
 0.261538, 0.179367, 0.914894,
 0.276923, 0.181712, 0.914894,
 0.292308, 0.184056, 0.914894,
 0.307692, 0.173505, 0.914894,
 0.323077, 0.161782, 0.914894,
 0.338462, 0.177608, 0.914894,
 0.353846, 0.193435, 0.914894,
 0.369231, 0.219812, 0.914894,
 0.384615, 0.259086, 0.914894,
 0.400000, 0.298359, 0.914894,
 0.415385, 0.332356, 0.914894,
 0.430769, 0.346424, 0.914894,
 0.446154, 0.359320, 0.914894,
 0.461538, 0.398007, 0.914894,
 0.476923, 0.429660, 0.914894,
 0.492308, 0.437866, 0.914894,
 0.507692, 0.453693, 0.914894,
 0.523077, 0.457210, 0.914894,
 0.538462, 0.454865, 0.914894,
 0.553846, 0.449590, 0.914894,
 0.569231, 0.471864, 0.914894,
 0.584615, 0.502345, 0.914894,
 0.600000, 0.518171, 0.914894,
 0.615385, 0.531067, 0.914894,
 0.630769, 0.531067, 0.914894,
 0.646154, 0.549824, 0.914894,
 0.661538, 0.542790, 0.914894,
 0.676923, 0.509965, 0.914894,
 0.692308, 0.519343, 0.914894,
 0.707692, 0.535756, 0.914894,
 0.723077, 0.516413, 0.914894,
 0.738462, 0.487691, 0.914894,
 0.753846, 0.459555, 0.914894,
 0.769231, 0.399179, 0.914894,
 0.784615, 0.357562, 0.914894,
 0.800000, 0.346424, 0.914894,
 0.815385, 0.335873, 0.914894,
 0.830769, 0.346424, 0.914894,
 0.846154, 0.358148, 0.914894,
 0.861538, 0.366940, 0.914894,
 0.876923, 0.392145, 0.914894,
 0.892308, 0.399179, 0.914894,
 0.907692, 0.373388, 0.914894,
 0.923077, 0.406800, 0.914894,
 0.938462, 0.500000, 0.914894,
 0.953846, 0.584408, 0.914894,
 0.969231, 0.535756, 0.914894,
 0.984615, 0.405627, 0.914894,
 1.000000, 0.381008, 0.914894,
 0.000000, 0.158851, 0.936170,
 0.015385, 0.177022, 0.936170,
 0.030769, 0.231536, 0.936170,
 0.046154, 0.303048, 0.936170,
 0.061538, 0.322392, 0.936170,
 0.076923, 0.330598, 0.936170,
 0.092308, 0.398007, 0.936170,
 0.107692, 0.412661, 0.936170,
 0.123077, 0.379836, 0.936170,
 0.138462, 0.369871, 0.936170,
 0.153846, 0.355803, 0.936170,
 0.169231, 0.371630, 0.936170,
 0.184615, 0.349355, 0.936170,
 0.200000, 0.286049, 0.936170,
 0.215385, 0.259086, 0.936170,
 0.230769, 0.240914, 0.936170,
 0.246154, 0.216295, 0.936170,
 0.261538, 0.190504, 0.936170,
 0.276923, 0.208089, 0.936170,
 0.292308, 0.233880, 0.936170,
 0.307692, 0.207503, 0.936170,
 0.323077, 0.173505, 0.936170,
 0.338462, 0.172333, 0.936170,
 0.353846, 0.173505, 0.936170,
 0.369231, 0.189332, 0.936170,
 0.384615, 0.254396, 0.936170,
 0.400000, 0.322392, 0.936170,
 0.415385, 0.341149, 0.936170,
 0.430769, 0.327667, 0.936170,
 0.446154, 0.369871, 0.936170,
 0.461538, 0.427315, 0.936170,
 0.476923, 0.433763, 0.936170,
 0.492308, 0.433763, 0.936170,
 0.507692, 0.429660, 0.936170,
 0.523077, 0.395662, 0.936170,
 0.538462, 0.448417, 0.936170,
 0.553846, 0.468933, 0.936170,
 0.569231, 0.450762, 0.936170,
 0.584615, 0.508792, 0.936170,
 0.600000, 0.510551, 0.936170,
 0.615385, 0.487691, 0.936170,
 0.630769, 0.490621, 0.936170,
 0.646154, 0.516999, 0.936170,
 0.661538, 0.526964, 0.936170,
 0.676923, 0.519343, 0.936170,
 0.692308, 0.531653, 0.936170,
 0.707692, 0.544549, 0.936170,
 0.723077, 0.505862, 0.936170,
 0.738462, 0.457210, 0.936170,
 0.753846, 0.419695, 0.936170,
 0.769231, 0.373388, 0.936170,
 0.784615, 0.353458, 0.936170,
 0.800000, 0.327667, 0.936170,
 0.815385, 0.305393, 0.936170,
 0.830769, 0.333529, 0.936170,
 0.846154, 0.366354, 0.936170,
 0.861538, 0.373974, 0.936170,
 0.876923, 0.381594, 0.936170,
 0.892308, 0.370457, 0.936170,
 0.907692, 0.354631, 0.936170,
 0.923077, 0.446659, 0.936170,
 0.938462, 0.572685, 0.936170,
 0.953846, 0.617233, 0.936170,
 0.969231, 0.540445, 0.936170,
 0.984615, 0.443142, 0.936170,
 1.000000, 0.435522, 0.936170,
 0.000000, 0.146542, 0.957447,
 0.015385, 0.166471, 0.957447,
 0.030769, 0.226846, 0.957447,
 0.046154, 0.299531, 0.957447,
 0.061538, 0.335287, 0.957447,
 0.076923, 0.333529, 0.957447,
 0.092308, 0.369871, 0.957447,
 0.107692, 0.430832, 0.957447,
 0.123077, 0.421454, 0.957447,
 0.138462, 0.405627, 0.957447,
 0.153846, 0.419695, 0.957447,
 0.169231, 0.415006, 0.957447,
 0.184615, 0.355217, 0.957447,
 0.200000, 0.286049, 0.957447,
 0.215385, 0.257913, 0.957447,
 0.230769, 0.242087, 0.957447,
 0.246154, 0.233294, 0.957447,
 0.261538, 0.216295, 0.957447,
 0.276923, 0.233294, 0.957447,
 0.292308, 0.250293, 0.957447,
 0.307692, 0.226846, 0.957447,
 0.323077, 0.209848, 0.957447,
 0.338462, 0.202227, 0.957447,
 0.353846, 0.209848, 0.957447,
 0.369231, 0.211020, 0.957447,
 0.384615, 0.221571, 0.957447,
 0.400000, 0.252638, 0.957447,
 0.415385, 0.277843, 0.957447,
 0.430769, 0.303634, 0.957447,
 0.446154, 0.320633, 0.957447,
 0.461538, 0.338804, 0.957447,
 0.476923, 0.395662, 0.957447,
 0.492308, 0.395662, 0.957447,
 0.507692, 0.354631, 0.957447,
 0.523077, 0.417937, 0.957447,
 0.538462, 0.460141, 0.957447,
 0.553846, 0.421454, 0.957447,
 0.569231, 0.405627, 0.957447,
 0.584615, 0.423212, 0.957447,
 0.600000, 0.443728, 0.957447,
 0.615385, 0.456624, 0.957447,
 0.630769, 0.483587, 0.957447,
 0.646154, 0.508206, 0.957447,
 0.661538, 0.524033, 0.957447,
 0.676923, 0.525205, 0.957447,
 0.692308, 0.567409, 0.957447,
 0.707692, 0.607268, 0.957447,
 0.723077, 0.550996, 0.957447,
 0.738462, 0.477140, 0.957447,
 0.753846, 0.421454, 0.957447,
 0.769231, 0.357562, 0.957447,
 0.784615, 0.320633, 0.957447,
 0.800000, 0.304807, 0.957447,
 0.815385, 0.323564, 0.957447,
 0.830769, 0.357562, 0.957447,
 0.846154, 0.366940, 0.957447,
 0.861538, 0.366940, 0.957447,
 0.876923, 0.357562, 0.957447,
 0.892308, 0.330598, 0.957447,
 0.907692, 0.333529, 0.957447,
 0.923077, 0.449590, 0.957447,
 0.938462, 0.584408, 0.957447,
 0.953846, 0.633646, 0.957447,
 0.969231, 0.589683, 0.957447,
 0.984615, 0.502345, 0.957447,
 1.000000, 0.497655, 0.957447,
 0.000000, 0.190504, 0.978723,
 0.015385, 0.226260, 0.978723,
 0.030769, 0.269050, 0.978723,
 0.046154, 0.342321, 0.978723,
 0.061538, 0.378664, 0.978723,
 0.076923, 0.363423, 0.978723,
 0.092308, 0.403869, 0.978723,
 0.107692, 0.446659, 0.978723,
 0.123077, 0.437866, 0.978723,
 0.138462, 0.437866, 0.978723,
 0.153846, 0.417937, 0.978723,
 0.169231, 0.372216, 0.978723,
 0.184615, 0.338804, 0.978723,
 0.200000, 0.288394, 0.978723,
 0.215385, 0.253810, 0.978723,
 0.230769, 0.250879, 0.978723,
 0.246154, 0.242087, 0.978723,
 0.261538, 0.233880, 0.978723,
 0.276923, 0.243845, 0.978723,
 0.292308, 0.254396, 0.978723,
 0.307692, 0.262016, 0.978723,
 0.323077, 0.253810, 0.978723,
 0.338462, 0.254396, 0.978723,
 0.353846, 0.253810, 0.978723,
 0.369231, 0.263775, 0.978723,
 0.384615, 0.294256, 0.978723,
 0.400000, 0.284877, 0.978723,
 0.415385, 0.290152, 0.978723,
 0.430769, 0.308324, 0.978723,
 0.446154, 0.314771, 0.978723,
 0.461538, 0.330598, 0.978723,
 0.476923, 0.338804, 0.978723,
 0.492308, 0.337632, 0.978723,
 0.507692, 0.331184, 0.978723,
 0.523077, 0.397421, 0.978723,
 0.538462, 0.414420, 0.978723,
 0.553846, 0.361665, 0.978723,
 0.569231, 0.362837, 0.978723,
 0.584615, 0.378077, 0.978723,
 0.600000, 0.420868, 0.978723,
 0.615385, 0.464244, 0.978723,
 0.630769, 0.491208, 0.978723,
 0.646154, 0.499414, 0.978723,
 0.661538, 0.497655, 0.978723,
 0.676923, 0.505275, 0.978723,
 0.692308, 0.522274, 0.978723,
 0.707692, 0.521688, 0.978723,
 0.723077, 0.521688, 0.978723,
 0.738462, 0.506448, 0.978723,
 0.753846, 0.439625, 0.978723,
 0.769231, 0.361079, 0.978723,
 0.784615, 0.316530, 0.978723,
 0.800000, 0.315358, 0.978723,
 0.815385, 0.339390, 0.978723,
 0.830769, 0.356389, 0.978723,
 0.846154, 0.375147, 0.978723,
 0.861538, 0.375147, 0.978723,
 0.876923, 0.357562, 0.978723,
 0.892308, 0.332356, 0.978723,
 0.907692, 0.356389, 0.978723,
 0.923077, 0.470692, 0.978723,
 0.938462, 0.614302, 0.978723,
 0.953846, 0.706917, 0.978723,
 0.969231, 0.668816, 0.978723,
 0.984615, 0.597890, 0.978723,
 1.000000, 0.556858, 0.978723,
 0.000000, 0.291325, 1.000000,
 0.015385, 0.324150, 1.000000,
 0.030769, 0.348183, 1.000000,
 0.046154, 0.358148, 1.000000,
 0.061538, 0.404455, 1.000000,
 0.076923, 0.417351, 1.000000,
 0.092308, 0.419695, 1.000000,
 0.107692, 0.446659, 1.000000,
 0.123077, 0.439625, 1.000000,
 0.138462, 0.437866, 1.000000,
 0.153846, 0.399179, 1.000000,
 0.169231, 0.347597, 1.000000,
 0.184615, 0.332356, 1.000000,
 0.200000, 0.315358, 1.000000,
 0.215385, 0.288394, 1.000000,
 0.230769, 0.263775, 1.000000,
 0.246154, 0.254396, 1.000000,
 0.261538, 0.254396, 1.000000,
 0.276923, 0.274326, 1.000000,
 0.292308, 0.300117, 1.000000,
 0.307692, 0.288394, 1.000000,
 0.323077, 0.286049, 1.000000,
 0.338462, 0.293083, 1.000000,
 0.353846, 0.284877, 1.000000,
 0.369231, 0.303634, 1.000000,
 0.384615, 0.366354, 1.000000,
 0.400000, 0.364596, 1.000000,
 0.415385, 0.342321, 1.000000,
 0.430769, 0.354045, 1.000000,
 0.446154, 0.337046, 1.000000,
 0.461538, 0.335873, 1.000000,
 0.476923, 0.330598, 1.000000,
 0.492308, 0.321805, 1.000000,
 0.507692, 0.338804, 1.000000,
 0.523077, 0.356389, 1.000000,
 0.538462, 0.368699, 1.000000,
 0.553846, 0.406800, 1.000000,
 0.569231, 0.415592, 1.000000,
 0.584615, 0.406800, 1.000000,
 0.600000, 0.430832, 1.000000,
 0.615385, 0.463658, 1.000000,
 0.630769, 0.491208, 1.000000,
 0.646154, 0.490621, 1.000000,
 0.661538, 0.470692, 1.000000,
 0.676923, 0.470692, 1.000000,
 0.692308, 0.479484, 1.000000,
 0.707692, 0.470692, 1.000000,
 0.723077, 0.470106, 1.000000,
 0.738462, 0.479484, 1.000000,
 0.753846, 0.454865, 1.000000,
 0.769231, 0.393904, 1.000000,
 0.784615, 0.349941, 1.000000,
 0.800000, 0.340563, 1.000000,
 0.815385, 0.338804, 1.000000,
 0.830769, 0.347597, 1.000000,
 0.846154, 0.379836, 1.000000,
 0.861538, 0.379836, 1.000000,
 0.876923, 0.357562, 1.000000,
 0.892308, 0.349355, 1.000000,
 0.907692, 0.351114, 1.000000,
 0.923077, 0.448417, 1.000000,
 0.938462, 0.599648, 1.000000,
 0.953846, 0.708089, 1.000000,
 0.969231, 0.650059, 1.000000,
 0.984615, 0.581477, 1.000000,
 1.000000, 0.579719, 1.000000,
